
6039 8154
2350 2811
2811 3910
3910 5301
5301 3909
3909 2808
2808 4206
4206 2812
2237 4697
3803 259
259 3387
3387 258
258 1996
1996 255
255 3390
3390 257
257 2473
2473 226
226 5672
5324 5325
5325 1908
1908 1909
1909 4893
4893 1911
1911 4894
4894 1910
1910 4895
4895 3767
3767 1907
1907 2233
3291 3290
3290 3288
3288 2240
2240 3289
3289 2241
2241 2243
2243 3292
3292 2245
2245 3293
3293 5899
5899 2246
2246 3294
3294 2237
1975 440
440 439
439 4900
4900 360
360 4775
4775 26
26 4901
4901 4774
4774 20
1805 1806
1806 5082
4959 3502
2081 699
699 1059
1059 3214
3214 2072
2072 2787
2787 698
698 4744
2069 2703
5154 5145
5145 5013
2554 2537
2537 5553
5553 850
850 2548
2548 4019
2552 847
847 846
846 5009
5008 816
816 4986
5013 35
35 3922
3922 3923
3923 5014
1958 5378
5378 5398
5398 1932
1932 4044
4044 1951
1951 4042
4042 4043
4043 5016
5016 5379
5379 1577
1577 4993
4264 4760
4760 4083
4083 4761
4761 5020
4537 5573
5573 4537
5573 5431
5431 5573
5431 2487
2487 5431
2487 4087
4087 2487
4087 5684
5684 4087
5684 4881
4881 5684
4881 4086
4086 4881
4086 29
29 4086
29 4981
4981 29
4982 5316
5017 4039
4039 712
712 1964
4984 4096
4096 4984
4096 849
849 4096
849 5084
5084 849
5084 2561
2561 5084
2561 5011
5011 2561
5011 4098
4098 5011
4098 845
845 4098
845 5012
5012 845
2813 3133
3133 4579
4579 2882
2882 1873
2817 2668
2668 2669
2669 2177
2177 2187
2187 2816
2816 3906
3906 2815
2815 2359
1107 4045
4045 1950
1823 2600
2600 1826
1826 1827
1827 4191
4191 4192
4192 2594
2594 1828
1828 4190
4190 4189
4189 4188
4188 1829
1829 1830
1830 4187
4187 5190
1834 5651
5651 5650
5650 4147
4147 5733
1094 4992
2566 2568
2568 3971
3971 2541
4948 3364
3364 4791
4791 5836
5836 941
941 3366
3366 4941
2025 2775
2775 295
295 4285
2026 340
340 2026
340 3191
3191 340
2204 419
419 618
618 5849
5849 417
417 5606
5606 5597
5597 624
624 1979
1979 637
637 4319
4387 310
310 3286
3286 2301
2301 2288
2288 2279
2279 5265
5265 3806
3806 4385
4385 1210
1210 5930
5930 1215
1215 2008
2008 2298
2298 2282
2282 4386
4386 1995
2262 5217
5217 2290
2290 2267
2267 2268
2268 5216
5216 2275
4908 247
247 4908
247 5137
5137 247
5137 4372
4372 5137
4372 1360
1360 4372
1360 946
946 1360
946 1365
1365 946
1365 1371
1371 1365
1371 267
267 1371
267 570
570 267
570 5957
5957 570
2032 59
59 2032
59 57
57 59
57 1122
1122 57
1122 3789
3789 1122
3789 656
656 3789
656 655
655 656
655 3790
3790 655
2034 376
376 2034
376 5729
5729 376
919 2036
2036 2653
2653 5497
5497 1756
1756 2484
2484 283
283 2037
280 3634
3634 2041
2041 3633
3633 3632
3632 284
284 2040
4780 342
342 4781
4781 5234
5234 706
706 3164
3164 329
329 2029
2029 5652
5652 476
476 3797
3797 3140
3140 396
396 2033
2033 3193
3193 3187
3187 2035
2035 381
381 3141
3141 377
377 5273
5273 2034
2034 5846
5846 390
390 411
411 410
410 409
409 5619
4734 4733
4733 4732
4732 4731
4731 4729
4729 2792
2792 5445
5445 5444
5444 2071
2070 689
689 691
691 2075
2075 554
554 5475
5475 553
553 2073
2083 2711
2711 5463
5463 5924
5924 11
11 565
565 2082
2082 1090
1090 12
12 1087
1087 2079
2084 569
569 5987
5987 1089
1089 2082
2082 1091
1091 564
564 4355
4355 2690
2690 2691
2691 2085
2085 566
566 2086
2525 2088
2088 2525
2095 3518
3518 3519
3519 3523
3523 3524
3524 2096
2096 3526
3526 3527
3527 1596
1596 2097
2830 512
512 4864
4864 4320
4320 509
509 4862
4862 4861
4861 5522
5522 2436
2094 5722
5722 2699
2699 37
37 6022
6022 2907
2192 230
230 228
228 229
229 3121
3121 2473
2473 227
227 225
225 3807
3807 166
166 5953
5953 165
165 3965
3808 1782
1782 3808
1782 1242
1242 1782
1242 1994
1994 1242
1994 3120
3120 1994
3120 4618
4618 3120
4618 3232
3232 4618
2280 3812
3812 2292
2292 5285
5285 2270
2270 3811
3811 2286
2286 4859
5640 2368
2368 5640
2368 2386
2386 2368
2386 2381
2381 2386
2381 3047
3047 2381
3047 2400
2400 3047
2400 2402
2402 2400
2402 2361
2361 2402
2361 2388
2388 2361
2388 2411
2411 2388
2411 3819
3819 2411
3819 4542
4542 5349
5349 2117
2117 3050
3050 4541
4541 2404
2404 3051
3051 2390
2390 2384
2384 3052
3052 2392
2392 2364
2364 4540
4540 2121
2121 2122
2122 2123
2123 2125
2125 4539
4539 3722
3722 3723
3723 2258
2258 2248
2248 4511
4511 2255
2255 4512
4512 2251
2251 2252
2252 4513
4513 4514
4514 2253
2253 4515
4515 2259
2259 2249
2249 2256
2256 2257
2257 2250
2250 2254
2133 3727
3727 2133
3727 2134
2134 3727
2134 3844
3844 2134
3844 3845
3845 3844
3845 2135
2135 3845
2135 3846
3846 2135
3846 2136
2136 3846
2136 2137
2137 2136
2137 3847
3847 2137
3847 2138
2138 3847
2138 2139
2139 2138
2139 3731
3731 2139
3731 3730
3730 3731
3730 3729
3729 3730
3729 3848
3848 3729
3848 2140
2140 3848
2140 2141
2141 2140
2141 2142
2142 2141
2142 2143
2143 2142
2143 3849
3849 2143
3849 2145
2145 3849
2145 3850
3850 2145
3850 2144
2144 3850
2144 2247
2247 2144
2885 4373
4373 4908
3851 2319
2319 2324
2324 3853
3853 3854
3854 3855
3855 3733
3733 2336
2336 3033
3033 3856
3856 3032
3032 3031
3031 2327
2327 3857
3857 3732
3732 2315
2315 3020
3020 3858
3858 3019
3019 2329
2329 3021
5957 266
266 5957
266 4599
4599 266
4384 3055
3055 4384
3055 3872
3872 3055
3872 3056
3056 3872
3056 2299
2299 3056
2299 4617
4617 2299
4617 4383
4383 4617
4383 3873
3873 4383
3873 3874
3874 3873
3874 3875
3875 3874
3875 2295
2295 3875
2295 2263
2263 2295
2263 4382
4382 2263
4382 2266
2266 4382
2266 4381
4381 2266
4381 3876
3876 4381
3876 4380
4380 3876
4380 3877
3877 4380
3877 3878
3878 3877
3878 2272
2272 3878
2272 4379
4379 2272
4379 2271
2271 4379
2271 2296
2296 2271
2296 3879
3879 2296
3879 2265
2265 3879
2265 3880
3880 2265
3880 4378
4378 3880
4378 3054
3054 4378
3054 4377
4377 3054
4377 3881
3881 4377
3881 2287
2287 3881
2287 3882
3882 2287
3882 3883
3883 3882
3883 4376
4376 3883
4376 4375
4375 4376
4375 3884
3884 4375
3012 3017
3817 4504
4504 3817
4504 205
205 4504
205 1225
1225 205
1225 3018
3018 1225
3018 1482
1482 3018
1482 4619
4619 1482
3818 3929
3929 3930
3930 657
657 2365
2365 2407
2407 2362
2362 3840
3840 3953
3953 2396
2396 3952
3952 3839
3839 3951
3951 2394
2394 2406
2406 3838
3838 2389
2389 2374
2374 3950
3950 3837
3837 3949
3949 3836
3836 2401
2401 2363
2363 4601
4601 3948
3948 3835
3835 3947
3947 3834
3834 2372
2372 2397
2397 3946
3946 3945
3945 2382
2382 3833
3833 3944
3944 3832
3832 3831
3831 3941
3941 3942
3942 3943
3943 3830
5657 3890
3890 5657
3890 1773
1773 3890
1773 5860
5860 1773
5860 1772
1772 5860
1772 5655
5655 1772
5655 5274
5274 5655
5274 3891
3891 5274
3891 3892
3892 3891
3892 985
985 3892
985 1357
1357 985
1357 4368
4368 1357
4368 3183
3183 4368
3183 4371
4371 3183
4371 412
412 4371
412 3893
3893 412
3894 3194
3194 3894
3194 3897
3897 3194
3897 612
612 3897
612 3697
3697 612
3790 162
162 3790
162 586
586 162
586 3898
3898 586
3898 473
473 3898
473 3160
3160 473
3160 3792
3792 3160
3899 1118
1118 646
646 3898
3898 474
474 475
475 3797
3899 5299
5299 3899
5299 1119
1119 5299
1119 1116
1116 1119
1116 647
647 1116
647 58
58 647
58 3789
3789 58
3794 661
661 3794
661 1396
1396 661
1396 5233
5233 1396
5233 1402
1402 5233
1402 5232
5232 1402
5232 1399
1399 5232
1399 3900
3900 1399
3900 662
662 3900
662 4268
4268 662
4268 2796
2796 4268
2796 2799
2799 2796
2799 2804
2804 2799
2804 3901
3901 2804
3901 5231
5231 3901
5231 663
663 5231
663 2797
2797 663
3904 786
786 4643
4643 4642
4642 787
787 3106
3106 788
788 3903
3903 3107
3107 796
796 2622
2622 797
797 4909
4909 4623
4623 4624
4624 799
799 4625
4625 4626
2097 1595
1595 537
537 536
536 2098
2098 4222
4232 1557
1557 4232
1557 4010
4010 1557
4010 4231
4231 4010
4231 4230
4230 4231
2918 3404
3404 3405
3405 3406
3406 1490
1490 3090
3090 4235
4233 2834
2834 4236
4236 4739
3407 4739
4739 4742
4742 2919
2919 2920
2841 5670
5670 2922
2922 2672
2672 1685
1685 4220
4220 5934
5934 4004
4004 5758
5758 2921
4245 4880
4880 4245
4880 4244
4244 4880
4227 3096
3096 4242
4214 5208
5208 4255
4255 4256
4256 4157
4157 4875
4875 5354
4250 5267
5267 5268
5268 2632
2632 4169
4169 4170
4170 5269
5269 5270
5270 1084
4238 1688
1688 4244
4243 3998
3998 1687
1687 4237
2553 2556
2556 5561
5561 2542
2542 4988
4988 836
836 5683
2156 2755
2755 5447
5447 2754
2754 5448
5448 2753
2753 2752
2752 2155
4267 183
183 184
184 4718
4718 4265
4268 4269
4269 2795
2795 4107
4107 4270
4270 4106
4106 2801
2801 4271
4271 2803
2803 3666
3666 2800
2800 3199
3199 2798
2798 5676
5676 4272
2415 2417
2417 3435
3435 3436
3436 2426
2426 2420
2420 3437
3437 2422
2422 3438
3438 3439
3439 2419
2419 2427
2427 2428
2428 4150
4150 4149
4149 1936
1936 4142
4142 710
710 5973
4279 3665
3665 1938
1938 4124
4124 4123
4123 2807
2807 3198
3198 2806
2806 3652
3652 4278
4278 3197
3197 1934
1934 4275
4272 4125
4125 4279
4279 4118
4118 4280
4280 4117
4117 4116
4116 4115
4115 5382
5382 4281
705 297
297 4073
4073 4072
4072 4070
4070 4071
4071 4286
4287 5028
5028 2738
2738 5368
5368 1838
1838 2736
2736 1839
5341 4126
4126 1853
1853 3686
3686 5346
5346 4112
4112 3689
3689 1854
1854 4108
4108 2638
2638 3690
3690 2642
2642 3692
3692 5981
5981 2935
2935 2646
2646 1855
1855 5345
5345 1856
1856 2732
2732 3602
3602 1857
2728 1942
1942 1846
1846 2725
2725 3682
3682 3681
3681 2723
2723 2722
2722 5370
5370 2497
2497 3679
3679 1937
1937 1847
1852 1941
1941 3683
3683 3685
3685 4114
4114 4281
2643 4289
4289 2640
2640 4110
4110 4290
3700 2481
1837 3711
3711 3709
3709 3707
3707 3705
3705 3704
3704 5628
1859 1860
1860 1861
1861 4586
4586 2585
2585 1976
1976 4587
4587 3715
5585 5605
5605 5585
5605 5252
5252 5605
5252 5594
5594 5252
5594 1458
1458 5594
1458 5579
5579 1458
1839 609
609 2734
2734 1481
1481 4302
4302 1478
1478 3668
3668 2215
2215 3667
3667 2524
2524 1024
1024 3462
3462 5519
5519 2217
2651 5373
5373 5572
4311 3276
3276 2207
2207 3275
3275 4312
4312 3274
3274 640
640 639
639 4313
4313 4308
4308 5120
1979 625
625 1767
1767 2214
2214 4314
4314 5491
5491 5490
5490 627
627 4315
4315 626
626 5303
5303 2209
2209 4316
4316 5609
5609 629
629 1704
1704 1541
1541 2211
4319 638
638 633
633 1977
4288 3443
3443 2172
2172 3442
3442 2171
2171 3444
3444 4327
4327 3445
3445 2173
2173 3446
3446 2168
2168 3447
3447 4328
4328 3449
3449 3896
3799 617
617 3889
3889 5656
5656 2092
2092 2892
2892 406
406 5621
5621 3629
3629 5629
5629 2895
2895 4333
4333 3630
3630 3631
3631 407
407 2038
2037 1776
1776 1777
1777 2483
2483 5383
5383 281
281 4334
4337 1050
1050 4338
4338 5457
5457 1051
1051 5456
5456 1049
1049 2080
2080 774
774 4356
4356 5458
5458 2079
5599 519
519 520
520 5739
5739 4341
4343 510
510 511
511 2830
4341 3245
3245 5736
5736 4349
4349 2617
2617 2618
2618 4348
4348 4347
4347 5809
5809 1582
1582 2480
2480 5250
5250 1787
1787 4346
4346 5492
5492 5050
5050 1768
1768 1730
1730 1721
1721 2485
4347 3559
3559 3249
3249 2896
2896 3248
3248 5254
5254 5255
5255 5256
5256 4350
4350 5600
5600 5257
5257 4351
4351 5584
5584 3250
3250 5604
5604 4324
4354 3552
3552 3551
3551 2598
2598 3549
3549 2599
2599 3547
3547 2597
2597 3548
3548 3550
3550 2593
774 4355
1815 5637
4357 5450
5450 4690
4364 507
507 2615
2615 3495
3495 3496
3496 3497
3497 3498
3498 2069
4366 528
528 107
107 5472
5472 110
110 526
526 4301
4301 3541
3541 1590
1590 3493
3493 4362
4362 3490
3490 1759
1759 3522
3522 4297
4297 3513
3513 1608
1608 3509
3509 1830
5024 4007
4007 3400
3400 5753
5753 3402
3402 5750
5750 2152
2635 1060
1060 3620
3620 3618
3618 682
682 2952
2952 5941
5941 116
116 2910
2910 114
114 2911
2911 1568
1568 4006
4006 2912
3566 4246
4246 3565
4230 4014
4014 4229
4229 4228
4228 1554
1554 4011
4011 4227
4227 4226
4226 4225
4225 1066
1066 2908
4227 3567
3567 4227
4879 3571
5908 2871
2871 5034
5041 2872
2872 2873
2496 5695
5695 2496
5695 2828
2828 5695
5039 5022
5022 5039
4023 4022
4022 4024
4976 5046
5158 2671
2671 5159
5159 1570
1570 4974
5723 5990
5990 5031
5031 4965
5615 3258
3258 5615
3258 5494
5494 3258
5494 5495
5495 5494
5495 5049
5049 5495
2899 1580
1580 2899
1580 1581
1581 1580
1581 5050
5050 1581
5660 1070
1070 5119
5119 3627
3627 5198
5198 501
501 4223
5402 2453
2453 2498
2498 4140
4140 4141
4141 5403
5403 711
711 1936
1936 1484
1484 4143
4143 5019
5002 812
812 813
813 2931
5582 5079
5079 5455
5455 5612
5612 2460
2460 1810
1810 5593
5593 5881
5881 5880
5880 5478
5478 5631
5631 5477
5477 5879
5879 5878
5878 5877
5877 5577
5581 523
523 5581
523 2461
2461 523
2461 5191
5191 2461
5191 5192
5192 5191
5192 2463
2463 5192
2463 5202
5202 2463
5202 5203
5203 5202
5203 5193
5193 5203
5193 2464
2464 5193
2464 5194
5194 2464
5194 5195
5195 5194
5195 5196
5196 5195
5196 5601
5601 5196
5601 5197
5197 5601
5197 2466
2466 5197
4303 1786
1786 4303
1786 4318
4318 1786
4318 5592
5592 4318
4358 71
71 83
83 85
85 2609
2609 2610
2610 87
87 5921
5921 72
72 1820
2899 2898
2898 5487
5487 5486
5486 5599
5609 2478
2478 5609
2478 5596
5596 2478
5606 1784
1784 5606
1784 416
416 1784
416 415
415 416
415 642
642 415
642 641
641 642
641 5611
5611 641
5120 636
636 5120
636 5488
5488 636
5488 5489
5489 5488
5489 5121
5121 5489
5121 5168
5168 5121
1916 3785
3785 5464
5464 4345
4345 3283
3283 4344
4344 3278
3278 3282
3282 514
514 4343
5625 2620
2620 5622
5622 5630
5630 5653
5653 5654
5654 1980
1980 1981
1981 1092
1092 353
353 2031
2031 1307
1307 5938
5938 1982
1982 5730
2482 3701
3701 4287
1811 1812
1812 5454
5454 1813
1813 5453
5453 1814
1814 4687
103 2462
2462 76
76 77
77 137
137 4358
1858 3702
3702 3703
3703 2827
2827 3706
3706 3708
3708 3710
3710 1859
2859 601
601 5633
5626 2091
2091 286
5619 5731
5731 2619
2619 5626
5634 5467
5467 5636
5636 4359
4359 5468
5468 5509
5633 5939
5939 817
5662 1686
1686 4198
4198 5942
5942 1068
1068 2908
2908 1067
1067 3623
3623 3622
3622 2909
2909 1602
1602 1597
1597 4203
4203 3572
4222 503
503 4223
4223 1072
1072 4221
4221 505
505 4224
4365 502
502 2701
2701 1071
1071 558
4224 6021
6021 5095
5095 2700
2700 5661
5666 6020
6020 5665
4200 1079
1079 4202
4202 1080
1080 4214
5211 6024
6024 4199
4199 5664
3104 3968
3968 826
826 4260
4260 825
825 827
827 1494
1494 4262
4262 5435
5435 4999
4999 2697
2697 3967
3967 3109
3109 1146
1146 5005
5005 3110
3110 3112
3112 5873
5873 5003
2536 2558
2573 261
261 973
973 961
961 265
265 3842
3842 264
264 3349
2573 5961
5961 3780
3780 1889
1889 3778
3778 1888
1888 3777
3777 5962
5962 3776
3776 1887
1887 4538
4538 3774
3774 3754
3754 3775
3775 1890
3816 3238
3238 3816
3238 2376
2376 3238
1975 571
571 1975
571 572
572 571
572 1973
1973 572
1873 4061
4061 2021
1872 1871
1871 2884
2884 5875
5875 4892
4892 4891
4891 3740
3740 1869
1869 3741
3741 3743
3743 1870
1870 4890
4890 5272
5272 3758
3758 2231
2231 2234
2234 4889
1875 5142
5142 5141
5141 5140
5140 5139
5139 5138
5138 1874
1874 4907
4907 3737
3737 3738
3738 4905
4905 3739
3739 4906
4906 3742
3742 5300
4353 5918
5918 4175
4175 2593
2858 1899
1899 1901
1901 5300
1903 1882
1882 1879
1879 3745
3745 1877
1877 1876
1876 1878
1878 3744
3744 1880
1880 1883
1883 1885
1885 4889
1884 1881
1881 1875
5330 4750
4750 5322
5322 5323
5323 5321
5321 2880
2880 2948
2812 1912
5965 1894
1894 5162
5162 1896
1896 5161
5161 1898
1898 1900
1900 5966
5966 5967
5967 5968
5968 1904
1904 1905
1905 1906
1906 918
1919 1101
1101 2430
2430 3976
3976 3978
3978 1102
1102 3979
3979 3981
3981 2431
2431 3983
3983 1103
1103 3996
3996 1104
1104 3985
3985 3987
3987 3989
3989 3990
3990 1105
1105 1106
1106 3995
3995 3973
3973 2566
2566 3972
3972 4046
1111 4194
4194 4193
4193 1925
1925 1112
1112 1923
1923 1113
1113 1114
5019 4765
4765 5015
1086 4076
1927 2501
2501 1927
2501 5703
5703 2501
1933 4766
4766 1933
4766 5910
5910 4766
5910 906
906 5910
906 1927
1927 906
4992 4667
2661 5152
5152 2661
5152 3079
3079 5152
3079 5133
5133 3079
5133 5153
5153 5133
5153 2716
2716 5153
4036 31
31 4036
31 4998
4998 31
2024 828
828 1949
1949 5697
5697 1950
1952 5001
5001 1952
5001 810
810 5001
810 811
811 810
811 5002
5002 811
4993 5072
5072 2941
2941 5071
5071 1946
5022 4021
4021 1955
2912 4005
4005 2912
4005 2496
2496 4005
1954 5134
5134 4041
4041 1960
1960 1959
1959 1957
1957 5394
5394 882
882 907
907 1958
1964 5025
5025 1964
5025 4017
4017 5025
4017 4016
4016 4017
4016 5032
5032 4016
5032 3089
3089 5032
3089 3916
3916 3089
3916 5040
5040 3916
5040 3915
3915 5040
3915 3086
3086 3915
3086 4978
4978 3086
4978 3914
3914 4978
3914 3088
3088 3914
3088 5042
5042 3088
5042 5044
5044 5042
5044 3913
3913 5044
3913 4517
4517 3913
4517 3087
3087 4517
2304 4409
4409 4410
4410 4411
4411 4412
4412 4413
4413 4414
4414 4415
4415 4416
4416 1997
1997 4417
4417 4418
4418 4419
4419 4420
4420 4421
4421 2309
2309 4422
4422 4423
4423 4424
4424 4425
4425 4426
4426 2006
2006 4427
4427 4428
4428 4429
4429 4430
4430 4431
4431 2303
2303 4432
4432 4433
4433 4434
4434 4435
4435 4436
4436 2005
2005 4437
4437 4438
4438 4439
4439 4440
4440 4441
4441 2311
2311 4442
4442 4443
4443 4444
4444 4445
4445 4446
4446 2004
2004 4447
4447 4448
4448 4449
4449 4450
4450 4451
4451 4452
4452 2312
2312 4453
4453 4454
4454 4455
4455 4456
4456 4457
4457 2003
2003 4458
4458 4459
4459 4460
4460 4461
4461 4462
4462 4463
4463 2307
2307 4464
4464 4465
4465 4466
4466 4467
4467 4468
4468 4469
4469 2002
2002 4470
4470 4471
4471 4472
4472 4473
4473 4474
4474 4475
4475 2308
2308 4476
4476 4477
4477 4478
4478 4479
4479 4480
4480 2001
2001 4481
4481 4482
4482 4483
4483 4484
4484 4485
4485 2310
2310 4391
4391 4392
4392 4393
4393 4394
4394 4395
4395 4396
4396 2000
2000 4397
4397 4398
4398 669
669 4399
4399 4400
4400 4401
4401 2306
2306 4402
4402 4403
4403 4404
4404 4405
4405 4406
4406 3071
3071 4407
4407 4408
4408 4486
4486 4487
4487 1999
1999 3072
3072 4488
4488 4489
4489 4490
4490 4491
4491 4492
4492 4493
4493 4494
4494 2313
2313 4495
4495 4496
4496 668
668 4497
4497 4498
4498 1998
1998 4499
4499 4500
4500 4501
4501 2305
2305 4502
4502 4503
4503 2304
2007 4390
4390 2831
2831 4389
4389 3074
3074 3070
3070 2304
4619 5218
5218 5219
5219 5220
5220 2010
2010 3232
3232 3810
3810 2009
2009 2300
2300 3233
3233 3234
3234 2014
2014 3886
3886 3235
3235 3017
3017 2277
2277 2016
2016 2018
2018 3887
3887 3236
3236 4619
3885 1783
1783 2291
2291 3014
3014 2013
2013 2274
2274 2011
2011 3229
3229 3884
3884 2012
2012 2261
2261 3230
3230 2015
2015 5959
5959 2019
2019 2276
2276 2020
2020 2264
2264 2017
2017 3231
3231 3016
3016 3885
4967 5693
5693 5694
5694 5691
5691 2054
2054 3911
3911 2051
2051 5371
3425 2061
2061 2836
3472 5253
5253 2067
2067 3469
1985 2114
2114 2113
2113 1986
1986 3053
3053 4510
4510 5342
5342 2112
2112 1987
1987 3049
3049 750
750 2111
2111 2832
2832 1988
4859 5960
5960 4859
5960 2099
2099 5960
2099 148
148 2099
148 3796
3796 148
3796 2262
2262 3796
3804 5110
5110 3804
5110 5979
5979 5110
2089 3173
3173 3175
3175 2033
2903 2676
2676 2903
2676 1306
1306 2676
1306 1302
1302 1306
1302 5903
5903 1302
5903 1292
1292 5903
1292 1297
1297 1292
1297 2675
2675 1297
2675 239
239 2675
239 2194
2194 239
2151 5752
5752 2921
2150 5566
5566 4217
2152 2151
2149 2150
2741 684
684 4962
4962 4963
4963 2161
2161 2070
2070 4730
4730 2071
2155 2153
2153 2673
2673 2160
2160 123
123 4735
4735 5485
2154 5991
4097 4983
4983 5083
5083 5313
5313 1020
1020 5434
5434 5316
1943 3082
3082 3081
3081 1945
1945 2659
2659 5552
5552 4037
4037 1794
1794 1944
1944 5037
1964 1963
1963 1962
2817 5228
5228 2186
2186 3772
3772 2182
2182 2185
2185 5227
5227 2180
2180 3718
3718 2189
2189 2188
2188 2181
2181 3717
3717 2179
2179 2184
2184 2178
2178 2190
2190 5353
5353 5226
5226 2183
2183 3760
3760 5352
5352 2233
2199 172
172 2199
172 2629
2629 172
2629 3926
3926 2629
2198 214
214 5913
5913 2625
2625 2692
2692 2197
2200 2625
2194 2667
2667 2194
2667 177
177 2667
177 2527
2527 177
2527 2628
2628 2527
2458 3143
3143 2458
3143 282
282 3143
282 4334
4334 282
3791 393
393 4787
4787 3174
3174 3800
2275 4388
4388 2269
2269 1993
2275 2289
2289 2275
3286 667
667 2281
2281 5215
5215 2293
2293 2289
2280 4508
4508 2280
4508 5284
5284 4508
5284 3813
3813 5284
3813 3814
3814 3813
3814 2283
2283 3814
2283 3815
3815 2283
3815 4507
4507 3815
4507 4506
4506 4507
4506 3816
3816 4506
1992 2297
2297 2294
2294 2260
2260 2284
2284 5286
5286 2280
2230 3043
3043 2314
2314 3045
3045 2322
2322 3046
3046 2332
2317 3607
3607 2328
2328 3605
3605 2334
2334 3603
3603 2325
2325 3604
3604 2331
2331 3606
3606 2335
2335 3608
3608 2332
2332 3610
3610 4580
4580 2320
2320 2316
2316 3613
3613 2318
2318 3615
3615 2333
2333 3614
3614 2330
2330 1890
1890 2330
2359 3907
3907 2353
2353 2356
2356 2351
2351 2357
2357 3721
3721 2355
2355 2358
2358 2352
2352 2354
2354 2242
4580 4581
4581 4580
4581 4867
4867 4581
2393 2377
2377 3237
3237 5263
5263 2376
2133 2405
2405 3725
3725 2378
2378 3724
3724 2369
2369 3726
3726 2366
2366 2383
2194 5969
5969 2194
3801 4854
4854 2560
2560 5236
5236 4719
4719 5560
5560 4720
4720 5798
5798 1271
1271 5793
5793 1266
1266 4717
4717 185
185 4265
4265 302
302 1285
1285 2927
2927 303
303 3069
3069 2175
2175 5235
5235 304
304 1426
1426 305
305 301
301 2999
2999 2929
5882 345
345 2047
2047 2682
2682 2680
2680 3798
4896 4695
4695 4699
5115 2455
2455 5115
2455 3649
3649 2455
2456 3663
3663 3664
3664 4273
5970 2731
2731 5380
5380 1941
2533 4987
4987 1948
1948 4204
4989 2425
2425 2534
2534 5726
5726 2166
2166 5725
5725 5724
5724 1147
1147 1921
5617 4360
4360 5617
4257 558
558 4257
558 2702
2702 558
2702 5660
5660 2702
5660 5933
5933 5660
5933 5661
5661 5933
2147 4754
4754 2342
2044 904
904 2866
2866 2343
5617 563
563 5503
5503 5466
5466 5623
5623 1002
1002 5635
5635 5637
5637 5388
5388 2525
2704 5889
5889 2704
5889 506
506 5889
506 4257
4257 506
3504 3440
3440 4961
4961 4259
4259 559
559 4258
4258 4257
4959 685
685 3503
3503 686
686 4963
1918 2705
1825 2630
2630 1
1 5355
5355 5402
2224 2223
2224 1075
1075 1077
1077 4064
4064 2784
2784 236
236 3802
3802 913
913 2819
2819 1381
1381 4052
4052 4615
4615 2782
2782 4051
4051 4267
2204 2206
2206 2204
2206 2212
2212 2206
2212 2211
2211 2212
2211 602
602 2211
602 1798
1798 602
1798 603
603 1798
603 2213
2213 603
4529 4536
4536 4330
4330 4535
4535 595
595 4331
4331 3254
3254 3256
3256 4332
4332 3253
3253 3252
3252 2093
2093 3251
3251 2090
2090 5302
5302 4287
2485 1579
1579 1578
1578 4342
4343 4342
4342 2899
2629 233
233 2629
233 4603
4603 233
4603 4597
4597 4603
2490 4572
4572 4568
4568 4569
4569 2491
2489 2493
2493 2489
2493 4095
4095 2493
4095 3083
3083 4095
3083 4094
4094 3083
4094 2495
2495 4094
2495 4093
4093 2495
4093 2494
2494 4093
2494 3084
3084 2494
3084 4092
4092 3084
4092 4091
4091 4092
4091 2492
2492 4091
2492 4090
4090 2492
4090 5432
5432 4090
5432 4089
4089 5432
4089 4088
4088 4089
4088 2488
2488 4088
2488 2487
2487 2488
4997 5225
5038 4023
4023 142
142 5214
1865 330
330 1865
330 4662
4662 330
4662 2549
2549 4662
2549 2551
2551 2549
2551 4777
4777 2551
4777 1864
1864 4777
1864 4778
4778 1864
4778 2550
2550 4778
2550 4779
4779 2550
4779 2928
2928 4779
4910 4074
2740 676
676 678
678 4654
4654 4264
4264 2772
2772 4910
1916 518
518 1916
518 96
96 518
96 5617
5617 96
4997 4887
4887 2176
1865 315
315 1865
315 4693
4693 315
4693 5732
5732 4693
2929 316
316 2780
2780 2100
2563 1004
1004 2563
1004 1010
1010 1004
1010 2562
2562 1010
4981 34
34 5538
5538 5076
5076 4084
4084 4085
2554 4035
4035 4028
5180 2567
2567 2569
2571 4763
4763 2570
2570 2565
2565 5334
5334 5333
5333 4263
2564 4075
4075 5332
5332 4668
2340 3352
3352 2340
3352 2343
2343 3352
2512 1755
1755 5167
5167 1752
1752 2889
2889 2345
2345 2693
2693 5885
5885 2026
2345 2975
2975 351
351 352
352 1329
1329 346
346 2031
2339 22
22 3135
3135 3136
3136 18
18 4903
4903 23
23 3138
3138 2472
2472 4902
4902 494
494 5427
5427 1674
1674 5420
5420 5419
5419 4911
4911 5417
5417 5415
5415 4912
4912 5413
5413 16
16 4913
4913 3320
3320 3321
3321 4914
4914 465
465 2441
2441 3325
3325 450
450 489
489 451
451 4915
4915 453
453 452
452 4917
4917 51
51 50
50 47
47 2852
2852 48
48 52
52 49
49 4954
4898 2876
2876 4899
2348 2877
2877 2339
2434 2875
2875 2435
2341 274
274 43
43 1978
2346 2878
2878 2345
2520 2511
2511 2341
2341 2517
2517 4882
4882 2515
2515 4886
4886 2434
292 6016
6016 292
6016 4566
4566 6016
4566 4828
4828 4566
4828 4829
4829 4828
4829 3308
3308 4829
3308 4936
4936 3308
2516 363
363 5886
5886 2508
2508 2458
2340 2865
2347 2874
2874 2341
2523 2507
2507 2513
2513 2435
2888 1502
1502 2514
2514 2339
2339 2510
2510 4790
4790 21
21 4898
2863 4800
4800 4897
4897 2886
2886 1624
1624 1619
1619 2694
2694 2346
2413 2764
2764 4567
4567 2491
2491 2024
2413 2943
2100 2778
2778 4769
4769 4768
4768 713
713 543
543 4067
4067 5112
5112 4283
4283 541
541 4068
4068 539
539 4284
4284 4069
4069 2025
4261 2997
2997 4640
4640 2998
2998 2023
2023 4563
4563 2995
2995 2022
2022 2996
2996 2761
2761 2413
2100 4658
2904 5107
5107 2904
5107 5976
5976 5107
5976 4622
4622 5976
4622 5859
5859 4622
5859 5098
5098 5859
5098 866
866 5098
866 862
862 866
862 5099
5099 862
5099 188
188 5099
188 2471
2471 188
2471 5100
5100 2471
5100 5901
5901 5100
5901 2665
2665 5901
2904 854
854 5108
5108 5954
5954 3010
3010 852
852 3871
5950 5956
5956 5950
5956 5974
5974 5956
5974 5830
5830 5974
5830 2664
2664 5830
2664 3964
3964 2664
3964 2663
2663 3964
2663 2662
2662 2663
2818 2193
2818 4610
4610 4063
4063 4605
4605 2224
4749 1886
1886 4753
4753 3299
4934 461
461 4934
461 4825
4825 461
4825 4831
4831 4825
4831 1539
1539 4831
1539 2987
2987 1539
2987 459
459 2987
459 4937
4937 459
4937 460
460 4826
4826 2986
2986 2447
4934 4822
4822 4810
4810 434
434 4931
4931 4812
4812 1668
1668 1660
1660 1649
1649 4935
4935 1681
1681 5410
5410 5408
5408 4921
4921 5409
5409 5418
5418 4911
4911 5416
5416 575
575 495
495 1975
4937 477
477 4937
477 4827
4827 477
4827 4858
4858 4827
4858 4595
4595 4858
4595 4842
4842 4595
4842 4838
4838 4842
4838 2989
2989 4838
2989 478
478 2989
478 4938
4938 478
4938 479
479 4841
4841 2990
2990 4855
4855 480
480 4856
4856 481
481 4951
4938 488
488 4938
488 4840
4840 488
4840 4594
4594 4840
4594 4857
4857 4594
4857 4846
4846 4857
4846 487
487 4846
487 2445
2445 487
4933 432
432 4933
432 2977
2977 432
2977 4803
4803 2977
4803 4801
4801 4803
4801 5057
5057 4801
5057 4823
4823 5057
4823 4934
4934 4823
2930 2654
2654 4085
5317 2164
2164 5674
5180 5131
5131 2544
2544 5132
5132 2531
2531 2543
2074 1917
1917 2074
4743 3210
3210 4748
2158 552
552 5474
5474 126
126 549
549 550
550 2073
2579 3714
3714 2576
2576 2583
2583 2582
2582 2592
2592 2575
2575 4584
4584 2577
2590 3712
3712 2591
2591 2589
2589 2581
2581 2586
2586 2891
2891 2580
2580 3713
3713 2584
2584 2588
2588 2578
2578 2611
2611 5569
5569 3715
2459 5570
5570 2579
2579 2926
2926 2587
2587 4585
4585 1835
1835 1836
1836 1837
1808 1008
1008 1006
1006 1009
1009 1822
1820 1011
1011 1005
1005 1012
1012 1809
1820 3473
3473 89
89 2563
2563 91
91 1821
1821 1593
1593 5919
5919 3528
3528 1822
2525 5888
5888 5387
5387 4335
2088 567
567 2088
567 5390
5390 567
5390 5460
5460 5390
5460 2086
2086 5460
2086 3218
3218 2086
3218 3217
3217 3218
3217 2087
2087 3217
2087 2080
2080 2087
2080 1048
1048 2080
1048 1052
1052 1048
1052 2076
2076 1052
2076 1026
1026 2076
1026 15
15 1026
15 2081
2081 15
2606 5547
5547 1013
1013 5546
5546 5545
5545 5544
5544 2610
5401 5386
5386 2088
1014 5551
5551 2605
2088 5389
5389 5634
2612 4612
4612 2612
4612 399
399 4612
399 2613
2613 399
2614 2095
2095 2614
4244 3101
3101 3999
3999 4243
4243 3097
3097 4242
4242 3095
3095 3093
3093 4241
4241 4240
4240 3092
3092 5715
5715 5719
5719 809
809 1555
1555 4216
2499 5336
5336 5335
5335 2644
2644 596
596 2174
2174 5982
5982 4288
3693 3451
3451 2170
2170 3455
3455 2169
2169 597
597 3457
3457 2650
2650 3459
3459 3460
3460 3461
3461 4329
4329 2217
2217 5740
5740 607
607 2203
2203 5572
5572 3458
3458 2649
2649 3456
3456 2648
2648 3454
3454 3452
3452 3450
3450 2645
2645 2500
2500 3448
3448 2499
2651 917
917 2651
917 2213
2213 917
2213 916
916 2213
916 70
70 916
70 69
69 70
69 5780
5780 69
5780 4303
4303 5780
4303 3257
3257 4303
3257 4304
4304 3257
4304 4305
4305 4304
4305 3266
3266 4305
3266 3269
3269 3266
3269 4306
4306 3269
4306 3268
3268 4306
3268 4307
4307 3268
4307 3272
3272 4307
3272 2216
2216 3272
2216 3273
3273 2216
3273 4308
4308 3273
1831 4185
4185 4183
4183 1832
1832 4182
4182 1833
1833 4874
4874 1114
2657 1793
1793 3078
3078 2658
2658 1486
1486 1943
180 3927
3927 5912
2196 2198
2198 2191
3007 4616
4616 3008
3008 2940
2940 4057
4057 2529
2543 2552
4908 262
262 3841
2449 4871
4871 3599
3599 4868
4868 3309
3309 4936
4941 2687
2687 317
317 1074
1074 5883
5883 2686
3581 2148
2148 5783
5783 4062
4062 5790
5790 2813
2317 3068
3068 3044
3044 2689
2689 3039
3039 3038
3038 3852
3852 3037
3037 2337
2337 3040
3040 3041
3041 3603
3606 5271
5271 2688
2688 2321
2321 2230
1890 1891
1891 3779
3779 5963
5963 3781
3781 1892
1892 3782
3782 5964
2235 2232
2232 2225
2225 2227
2227 3746
3746 3747
3747 2229
2229 2226
5673 4207
4207 5673
4207 5019
5019 4207
1964 2717
2717 2716
2735 5337
5337 5338
5338 5344
5344 3699
3699 5343
5343 5027
5027 2737
2737 5026
5026 3799
5205 2053
2053 2052
2052 2937
2937 4740
4740 4741
4741 5685
2733 1840
1840 1841
1841 1842
1842 2894
2894 2647
2647 5980
5980 2932
2932 1843
1843 3691
3691 2639
2639 4109
4109 1844
1844 3688
3688 4113
4113 3687
3687 3684
3684 5339
4263 2765
2765 2829
2829 2760
2760 4562
4562 5007
2412 2538
2538 2994
2994 1930
1930 4990
4990 4034
4034 4025
1873 4577
4577 248
248 4573
4573 4575
4575 2867
2867 4608
4608 2818
4970 4969
4969 4543
4543 4968
4968 3671
3671 2718
2718 3674
3674 5036
5036 5035
5035 2870
2870 4620
4620 2146
2146 4621
4621 3432
3432 1628
1628 3677
5085 2056
2056 3422
3422 3421
3421 3420
3420 3419
3419 2049
2049 3418
3418 3417
3417 3670
3670 2048
2048 5030
5030 3427
3427 2050
2050 5541
5541 3428
3428 4970
4743 5481
5481 121
121 5480
5480 5479
5479 2791
2791 5436
5436 4723
4723 5437
5437 138
138 4724
4724 4726
4726 4725
4725 4722
4722 4873
4873 5438
5438 5440
5440 5439
5439 2758
2787 2788
2788 122
122 2789
2789 2790
2790 3212
3212 2791
1884 1903
2359 2349
2349 5743
5743 3720
3720 2814
1920 1148
1148 1920
1148 5020
5020 1148
5020 1780
1780 5020
1780 1781
1781 1780
1781 4081
4081 1781
4081 4082
4082 4081
4082 4759
4759 4082
4759 1927
1927 4759
1094 2564
5744 4764
4764 2820
2820 2821
2821 2933
2933 2822
5973 4148
4148 2503
4275 3196
3196 4274
4274 2802
2802 4120
4120 2805
2805 3635
3635 1935
1935 4121
4121 4122
4122 4273
4273 4119
4119 5678
5678 5677
5677 4272
2824 1563
1563 2824
1563 1825
1825 1563
2913 2824
2824 2913
2595 4178
4178 2826
2826 4139
4139 1825
2097 1594
1594 3569
3569 2635
4993 5073
5073 5075
5075 4994
4994 2657
5014 4980
5048 3997
3997 219
219 3394
3394 5122
5122 2776
2776 2624
4974 1493
1493 3669
3669 4973
4973 4972
4972 4969
4980 3921
3921 4979
4979 3920
3920 3918
3918 1569
1569 3919
3919 4964
4964 3917
3917 36
36 4965
2062 5204
5204 3616
3616 3407
3029 3030
3030 3034
3034 2843
2843 3734
3734 2844
2844 3035
3035 2845
2845 3036
3036 2846
2846 3748
3748 3749
3749 2847
2847 3750
3750 2848
2848 3751
3751 3042
3042 2849
2849 3752
3752 3753
2058 5543
5543 2060
2060 2062
2062 2063
2063 2062
2063 5087
5969 240
240 5969
240 5902
5902 240
5902 5977
5977 5902
5977 5106
5106 5977
5106 2904
2904 5106
5957 5900
5900 5957
5900 3925
3925 5900
3925 5978
5978 3925
5978 2903
2903 5978
2627 2666
2666 2197
2627 2101
4920 583
583 4920
583 1525
1525 583
2770 1257
1257 4782
4782 2773
2773 4055
4055 2530
2530 538
538 4054
4054 4053
4053 540
540 2777
2777 2624
4989 2553
5120 3271
3271 3270
3270 5613
5613 5591
5591 5578
5578 3267
3267 5602
5602 5586
5586 3264
3264 5607
5607 3262
3262 5588
5588 3261
3261 628
628 4315
4286 296
296 294
294 4284
2330 3612
3612 2338
2338 3611
3611 2326
2326 3609
3609 2317
2376 3817
3817 2376
3817 3928
3928 3817
3928 3818
3818 3928
3816 3242
3242 4505
4505 2393
2634 4154
4154 3102
3102 4155
4155 4156
4156 2636
2636 1691
1691 4253
4253 1201
1201 4158
4158 4252
4252 4251
4251 1192
1192 2633
2633 4250
4250 5210
5210 4159
4159 3100
3100 4160
4160 4161
4161 4162
4162 4249
4249 4248
4248 4164
4164 4163
4163 4247
2477 2685
2477 2881
2881 4896
2890 359
359 357
357 4583
2590 362
362 4900
4900 25
25 991
991 990
990 5428
5428 24
24 4902
4902 483
483 5426
5426 5421
5421 4924
4924 468
468 5423
5423 46
46 4808
4808 4932
4932 435
435 4806
4806 45
45 4804
4804 4933
2162 423
423 422
422 426
426 2577
2577 2890
2890 2850
2850 361
361 2590
3626 1073
1073 3625
4217 5710
5710 5754
5754 5757
5757 4218
4003 2924
2924 4003
2924 5669
5669 2924
5669 5932
5932 5669
5932 5206
5206 5932
5206 5207
5207 5206
5207 2923
2923 5207
2923 4237
4237 2923
4237 4876
4876 4237
4876 4238
4238 1065
1065 5863
5863 6011
6011 2925
4219 2698
2698 4219
2698 1064
1064 2698
1064 4001
4001 1064
4001 1063
1063 4001
1063 4876
4876 1063
4000 496
496 497
497 2925
2908 5221
5221 5222
5222 5223
5223 5224
5224 4222
4960 3501
2073 548
548 5473
5473 2706
2706 2074
2896 5564
5564 2896
5564 2897
2897 5564
2898 2900
2900 5587
5587 5608
5608 2479
2479 5595
5595 5580
5580 5599
2906 3395
3395 2906
3395 221
221 3395
221 2905
2905 221
2930 3075
3075 33
33 2931
3287 241
241 238
238 2677
2677 2903
2193 4609
4609 4060
4060 4614
4614 944
944 5400
5400 5399
5399 5804
5804 2934
2934 4799
4799 4574
4574 4576
4576 2021
1946 32
32 5430
5430 1953
1953 5149
5149 5151
5151 306
306 5150
5150 5212
5212 4985
5009 3969
3969 5010
4578 3765
3765 2817
2943 2829
2829 2763
2763 5927
5927 3113
3113 838
838 5004
5004 840
840 3111
3111 4637
4637 5006
5006 4636
4636 2670
2670 5000
5004 4633
4633 3114
3114 5871
5871 5003
5003 3115
3115 3116
3116 5002
5316 5315
5315 2163
2163 5080
5080 1947
1947 5574
5574 5675
5675 5907
5907 2655
2655 4018
4018 4997
5674 5906
5906 3924
3924 124
124 2656
2656 2938
2938 5214
3299 3297
3297 3296
3296 2944
2944 3295
3295 2945
2945 3298
3298 2946
2946 3300
3300 2947
2947 3301
3301 4694
4694 3302
3302 3351
3351 3303
3303 3304
3304 2949
2955 2957
2957 2955
2957 2954
2954 2957
2954 5179
5179 2954
5179 2956
2956 5179
2956 5178
5178 2956
5178 5177
5177 5178
5177 2951
2951 5177
2951 5176
5176 2951
5176 5175
5175 5176
5175 5174
5174 5175
1867 2557
2021 244
244 1872
3004 2786
2786 2818
3798 2679
2679 5904
5904 4853
4853 3801
2223 4604
4604 4059
4059 2193
3011 3012
3012 3011
2014 3012
3011 3014
3016 3011
3026 3027
3027 3028
3028 3029
3021 3022
3022 3064
3064 2842
3021 3023
3023 3024
3024 3025
3025 3029
2360 5266
5266 2360
5266 2373
2373 5266
2373 2387
2387 2373
2387 2133
2133 2387
3149 378
378 3149
378 3152
3152 378
3152 3153
3153 3152
3153 3155
3155 3153
3155 3154
3154 3155
3154 3151
3151 3154
3151 3150
3150 3151
3150 3148
3148 3150
3148 3146
3146 3148
3146 3145
3145 3146
3145 3144
3144 3145
3144 5052
5052 3144
5052 5053
5053 5052
5053 5054
5054 5053
5054 5051
5051 5054
5051 5055
5055 5051
5055 5056
5056 5055
5056 3147
3147 5056
2797 3201
3201 3202
3202 3203
3203 3204
3204 3205
3205 3206
5260 3962
3962 191
191 3963
3963 192
192 3964
4299 532
532 530
530 1917
2393 3937
3937 2393
3937 2409
2409 3937
2409 3936
3936 2409
3936 2371
2371 3936
2371 2398
2398 2371
2398 3938
3938 2398
3938 2395
2395 3938
2395 2403
2403 2395
2403 3820
3820 2403
3820 3057
3057 3820
3057 2115
2115 3057
2115 5306
5306 2115
5306 2116
2116 5306
2116 3821
3821 2116
3821 3822
3822 3821
3822 2118
2118 3822
2118 3058
3058 2118
3058 2119
2119 3058
2119 3823
3823 2119
3823 2120
2120 3823
2120 3824
3824 2120
3824 2124
2124 3824
2124 3825
3825 2124
3825 3939
3939 3825
3939 2385
2385 3939
2385 2129
2129 2385
2129 3059
3059 2129
3059 2130
2130 3059
2130 3826
3826 2130
3826 3827
3827 3826
3827 2126
2126 3827
2126 2127
2127 2126
2127 3828
3828 2127
3828 2128
2128 3828
2128 3829
3829 2128
3829 2131
2131 3829
2131 2132
2132 2131
2132 3830
3830 2132
3830 3060
3060 3830
3060 3940
3940 3060
3940 2360
2360 3940
2360 2370
2370 2360
2370 2383
2383 2370
2383 2375
2375 2383
2375 3728
3728 2375
3728 3859
3859 3728
3859 3061
3061 3859
3061 2379
2379 3061
2379 3860
3860 2379
3860 3062
3062 3860
3062 2380
2380 3062
2380 3861
3861 2380
3861 658
658 3861
658 3063
3063 658
3063 2842
2842 3063
2842 3026
3026 2842
3026 3065
3065 3026
3065 3066
3066 3065
3066 2408
2408 3066
2408 3067
3067 2408
3067 2367
2367 3067
2367 3862
3862 2367
3862 3863
3863 3862
3863 3735
3735 3863
3735 5958
5958 3735
5958 3852
3852 5958
3238 3239
3239 3240
3240 3241
3241 3242
3804 871
871 209
209 868
868 5102
5102 857
857 2471
71 3543
3543 5581
5581 109
109 4301
4301 3542
3542 5614
5614 5603
5603 3225
3225 4300
4300 3228
3228 5583
5583 3227
3227 3224
3224 533
533 3223
3223 4299
2042 1678
1678 2509
2518 1747
1747 4899
4899 5384
5384 2042
3798 3004
1862 373
373 3177
3177 3171
3171 371
371 2446
4896 2683
2452 3165
3165 4849
4849 2446
2446 370
370 4850
4850 369
369 2450
2450 338
338 1789
1789 4752
4752 328
2047 344
344 343
343 2450
2450 337
337 4606
4606 3182
3182 336
336 2046
2046 3186
3186 6027
6027 802
802 4789
4789 339
339 2045
2223 237
237 3287
3801 4852
4852 3002
3002 2678
2678 2224
3800 398
398 3170
3170 3166
3166 2452
3802 2939
2939 2785
2785 3000
3000 5560
5560 3001
3001 3157
3157 400
400 3888
3888 3158
3158 2613
2613 3305
3305 397
397 1863
2927 3306
3306 2927
3306 3307
3307 3306
3307 2928
2928 3307
4936 3310
3310 4936
3310 2973
2973 3310
2973 4933
4933 2973
4936 289
289 3311
3311 6017
6017 5165
5165 3312
3312 4929
4929 3315
3315 293
293 1618
1618 5166
5166 1610
1610 2652
2652 4923
4923 279
279 5425
5425 3137
3137 4903
4903 5429
5429 3716
3716 4776
4776 19
19 4901
4901 354
354 4773
4773 358
358 4583
4897 291
291 6015
6015 4565
4565 6014
6014 4564
4564 3313
3313 290
290 4929
4929 3314
3314 4805
4805 443
443 4932
4932 4807
4807 1684
1684 4809
4809 4931
4931 4811
4811 4817
4817 4927
4927 4819
4819 4928
4928 3316
3316 1540
1540 482
482 4951
4951 486
486 933
933 4833
4833 2438
2438 463
463 4835
4835 3370
3370 462
462 4926
4926 457
457 2855
2855 3371
3371 427
427 4925
4925 428
428 5533
5533 456
456 429
429 455
455 454
4922 3317
3317 631
631 4930
4930 4821
4821 4820
4820 4927
4927 467
467 4818
4818 2988
2988 4937
4919 630
630 3318
3318 4922
4922 670
670 4592
4592 5407
5407 4921
4921 5406
5406 1524
1524 1507
1507 5424
5424 4924
4924 469
469 5422
5422 470
470 471
471 3134
3134 4923
4923 2695
2695 2981
2439 448
448 449
449 2441
2441 493
493 1629
1629 4593
4593 492
492 2444
2444 581
581 3323
3323 2854
2854 4832
4832 2438
2438 464
464 4834
4834 4847
4847 2445
4958 447
447 5532
5532 458
458 2851
2851 444
444 4916
4916 445
445 466
466 4918
4918 3369
3369 2856
2856 3324
3324 2444
2444 3322
3322 3327
3327 3330
3330 4920
4920 4589
4589 491
491 4919
3328 3329
3329 3328
3329 446
446 3329
446 5493
5493 446
5493 3326
3326 5493
3349 3338
3338 3337
3337 3336
3336 3335
3335 3334
3334 3333
3333 3332
3332 3331
3349 3346
3346 3344
3344 3342
3342 3340
3340 3339
3339 3341
3341 3343
3343 3345
3345 3347
3347 3348
3348 3350
3350 4599
2809 2963
2963 4798
4798 323
323 4795
4795 324
324 4953
4953 4797
4797 5838
5838 3586
3586 436
436 4944
4944 3590
3590 4550
4550 2978
2978 2451
2451 2980
2980 4824
4824 433
433 4934
4792 2969
2969 4555
4555 4551
4551 4793
4793 2967
2967 4945
4945 321
321 2965
2965 2961
2961 4952
4952 325
325 4794
4794 4953
4953 4796
4796 3359
3359 4950
4950 3362
3362 5528
5528 327
327 4956
4956 2982
2982 5529
5529 5129
5129 2440
2440 5130
5130 4561
4561 5530
5530 5803
5803 4814
4814 4955
4955 4815
4815 5068
5068 5531
5531 5136
5136 1915
2992 2991
2991 5536
5536 2504
2504 4946
4946 5527
5527 3592
3592 4947
4947 3591
3591 5526
5526 3583
3583 2442
2442 3582
3582 5537
5537 3576
3576 4942
4942 3574
3574 5525
5525 5524
5524 5113
5113 4943
4943 3588
3588 4813
4813 3587
3587 4944
4944 3585
3585 437
437 2966
2966 438
438 4945
4945 320
320 2964
2964 3367
3367 4941
5559 819
819 2768
2768 3374
3374 835
835 3905
3905 837
837 2490
2490 844
844 823
823 4628
4628 2418
2418 822
822 4630
4630 772
772 4639
4639 794
794 1968
1968 4638
4638 4641
4641 2621
793 798
798 795
795 2622
2622 820
820 4627
4627 3108
3108 818
818 2418
2418 821
821 4629
4629 785
785 2762
2762 843
843 2413
2429 834
834 3372
3372 4570
4570 4571
4571 3905
1868 3376
3376 3375
3375 203
203 1969
5559 2769
2769 800
800 4626
4626 5856
5856 801
801 4680
4680 5671
4374 3122
3122 3384
3384 3807
3807 3383
3383 3382
3382 3795
3795 254
254 3379
3379 3131
3131 3809
3809 3128
3128 3378
3378 3805
2201 215
215 216
216 2476
2476 175
175 5955
5955 5109
5109 2904
3964 195
195 5975
5975 1234
1234 3931
3931 164
164 3380
3380 3795
4374 3124
3124 210
210 5385
5385 2195
2195 2196
2471 5101
5101 4758
4758 3123
3123 167
167 4374
3803 3385
3385 224
224 3130
3130 3809
3809 193
193 3129
3129 5925
5925 3105
3105 2474
3795 3381
3381 1229
1229 5929
5929 4738
4738 256
256 3388
3388 1996
1996 3389
3389 5928
5928 3392
3392 268
268 5048
3965 5950
5950 3965
2665 5952
5952 2665
5952 168
168 5952
168 3965
3965 168
4658 4659
4659 4660
4660 3126
3126 5047
5048 3396
3396 1251
1251 3132
3132 2623
2623 153
153 5124
5124 1253
1253 3391
3391 3009
3009 260
260 1551
1551 1868
3818 855
855 3818
855 853
853 855
853 5104
5104 853
5104 3015
3015 5104
3015 3871
3871 3015
3871 856
856 5105
5105 870
870 3804
5261 198
198 5261
198 3118
3118 198
3118 5262
5262 3118
5262 3961
3961 5262
3961 197
197 3961
197 5258
5258 197
5258 5259
5259 5258
5259 5260
5260 5259
3818 3398
3398 5111
5111 5969
3871 5103
5103 3871
5103 3013
3013 5103
3013 3232
3232 3013
5034 2868
2868 119
119 1965
1965 5023
4232 5946
5946 4232
5946 5023
5023 5946
2873 5679
5679 118
118 5024
5023 4009
4009 5720
5720 3401
3401 5760
5760 5709
5709 5751
5751 4239
4239 4216
4216 2149
4235 4233
3412 3413
3413 2917
2917 3414
3414 3415
3415 3416
3416 3403
3403 2918
2065 5884
2837 5542
5542 2058
3423 3424
3424 2837
2860 2835
2835 2063
2836 2839
2839 2062
2861 2064
2064 2065
2862 2838
2838 2060
3087 4974
4974 3087
3441 4288
2499 2643
2035 401
401 56
56 402
402 3893
3893 147
147 3181
3181 63
63 55
55 64
64 2457
2457 3894
3894 613
613 1474
1474 1470
1470 1466
1466 5837
5837 591
591 3895
3895 3453
3453 3895
3453 5376
5376 3453
5376 3896
3896 5376
4318 3247
3247 4318
3247 3246
3246 3247
3246 4317
4317 3246
4317 4292
4292 4317
4340 101
101 1542
1542 3467
3467 2901
2901 3463
3463 3538
3538 4295
4295 3530
3530 4104
4104 5251
5251 3508
3508 100
100 4339
3895 65
65 592
592 2032
2032 648
648 908
908 6036
6036 6034
6034 664
664 653
653 3793
3469 2068
4293 3466
3466 4293
3466 2068
2068 3466
2068 3468
3468 2068
4866 3285
3285 4322
4322 5565
5565 4323
4323 3259
3259 3265
3265 3263
3263 3260
3260 5592
4352 75
75 3479
3479 4340
1809 74
74 3477
3477 4352
5610 2616
2616 5610
2616 5598
5598 2616
4326 3472
1808 3529
3529 5920
5920 5293
5293 7
7 1171
1171 5292
5292 90
90 2562
2562 88
88 3474
3474 1809
4341 3481
3481 4341
3481 4340
4340 3481
4364 3485
3485 3487
3487 4363
4363 104
104 3488
3488 4298
4298 105
105 3491
3491 4362
4362 108
108 3475
3475 1820
3226 534
534 3222
3222 3489
3489 4363
4363 1055
1055 3484
3484 5356
5356 3531
3531 2097
2614 97
97 3244
3244 3486
3486 1054
1054 4298
4298 535
535 3492
3492 1587
1587 5287
5287 5288
5288 5289
5289 5290
5290 4299
1918 2704
2704 1918
3502 3505
2703 1918
3500 4960
2705 972
972 3500
3501 5890
5890 683
683 4959
4222 504
504 4365
4365 3628
3628 561
561 498
498 5357
5357 3221
3221 499
499 500
500 3494
3494 508
508 4364
4960 556
556 5091
5091 555
555 2075
2075 690
690 5476
5476 5988
5988 687
687 3207
3207 2078
4961 560
560 3499
3499 4960
1822 92
92 3515
3515 1823
1823 5917
5917 94
94 4354
4354 4176
4176 1007
2500 3540
3540 99
99 3537
3537 4294
4294 5518
5518 3536
3536 4295
4295 3534
3534 3532
3532 4296
1822 3521
3521 98
98 4297
4297 3516
3516 3514
3514 2614
5190 4186
4186 4184
4184 2095
4290 2916
2915 3511
3511 1779
1779 4290
4325 3478
3478 4325
3478 4326
4326 3478
4326 3471
3471 4326
3471 3470
3470 3471
3470 4293
4293 3470
2915 3512
3512 3533
3533 4294
2157 139
139 2157
139 2708
2708 139
2709 2157
2157 2709
3226 557
557 3226
557 5892
5892 557
5892 5891
5891 5892
5891 515
515 5891
515 1918
1918 515
2708 525
525 2708
525 9
9 525
9 4366
4366 9
4366 551
551 4366
551 5894
5894 551
5894 5893
5893 5894
5893 529
529 5893
529 2074
2074 529
4291 5947
5947 2914
2593 93
93 3517
3517 1808
4353 3544
3544 3243
3243 5649
5649 5642
5642 5645
5645 5644
5644 5643
5643 5327
5923 8
8 10
10 128
128 2708
5616 527
527 5616
527 134
134 527
2466 524
524 2466
524 5616
5616 524
5589 3558
3558 5517
5517 5590
5590 3556
3556 5582
4296 3535
3535 3554
3554 2902
2902 3476
3476 4352
4352 517
517 3480
3480 95
95 3557
3557 5589
5589 5876
5876 5577
5049 3560
3560 5049
3560 4346
4346 3560
4234 3561
3561 4234
3561 4254
4254 3561
5210 2631
2631 106
106 4246
2911 1565
1565 3562
3562 4254
3103 2635
3572 4879
4879 3103
3567 5187
5187 3567
5187 4877
4877 5187
4877 5189
5189 4877
5189 5188
5188 5189
5188 5200
5200 5188
5200 5201
5201 5200
5201 5185
5185 5201
5185 4878
4878 5185
4878 5186
5186 4878
5186 5184
5184 5186
5184 3568
3568 5184
3568 4226
4226 3568
3571 3570
3570 4225
2635 2634
4247 4165
4165 4166
4166 4167
4167 4168
4168 3566
2910 115
115 113
113 5558
5558 3563
3563 4228
1912 3581
4948 3363
3363 2960
2960 4952
2810 5078
5078 5077
5077 2971
2971 4957
4957 2972
2972 4560
4560 326
326 4956
4956 3575
3575 4942
4942 3577
3577 3595
3595 2448
2448 3597
3597 1093
1093 4844
4844 4839
4839 4845
4845 4938
2447 2984
2984 5058
5058 4557
4557 3589
3589 4943
4943 5114
5114 3361
3361 4950
4950 3360
3360 0
0 3573
3573 4949
4933 2974
2974 4802
4802 1535
1535 1529
1529 4816
4816 4792
2449 4870
4870 3600
3600 2968
2968 4792
4792 431
431 2970
2970 2976
2976 430
430 2451
2451 2979
2979 2983
2983 2447
2447 2985
2985 3594
3594 2448
2448 3596
3596 4848
4848 2443
2443 485
485 3584
3584 5534
5534 484
484 3593
3593 2433
2433 610
610 4939
4939 5535
5535 2505
2505 5802
5802 611
611 4940
1913 366
366 2506
2506 2793
2793 365
365 1914
1914 367
367 4546
4546 4547
4547 1734
1734 1733
1733 368
368 2437
4583 1647
1647 1745
1745 1742
1742 4771
4771 4772
4772 356
356 1913
4919 490
490 3319
3319 4913
4913 17
17 5405
5405 4588
4588 579
579 1971
1971 585
585 2739
2739 1972
1913 425
425 424
424 2162
2435 3601
3601 355
355 1913
2176 5209
2176 1792
1792 1571
1571 3080
3080 1943
1983 1984
1984 3190
3190 349
349 2027
3617 1085
1085 4138
4138 4666
1929 4078
4078 2502
2502 4665
3618 5164
5164 3618
3620 5163
5163 3620
5715 878
878 874
874 880
880 877
877 876
876 875
875 879
879 5716
5716 5718
5718 4012
4012 4013
4013 4230
2091 285
285 1790
1790 405
405 408
408 2039
3637 3636
3636 3638
3638 3640
3640 3642
3642 3644
3644 3646
3646 3648
3648 3650
3650 3653
3653 3655
3655 3657
3657 3659
3659 3661
3661 3662
3662 3660
3660 3658
3658 3656
3656 3654
3654 3651
3651 3649
3649 3647
3647 3645
3645 3643
3643 3641
3641 3639
3639 3637
3693 5326
5326 5375
5375 5351
5351 3694
3694 3695
3695 3696
3696 3697
3697 3698
3698 608
608 2735
3841 263
263 2236
2236 2573
5964 3783
3783 3784
3784 3736
3736 5965
2185 243
243 3773
3773 3771
3771 3770
3770 3769
3769 3768
3768 3764
3764 3763
3763 3762
3762 3761
3761 5229
5229 3756
3756 3757
3757 5230
5230 3759
3759 242
242 3765
2715 5898
5898 2715
5898 5897
5897 5898
5897 1916
1916 5897
3786 5244
5244 5245
5245 5246
5246 5247
5247 5248
5248 5249
5249 3787
3787 171
171 4872
4872 3007
3006 170
170 3786
1922 1924
5024 4008
4008 5024
4008 3399
3399 4008
3399 1491
1491 3399
1491 2840
2840 1491
2840 4233
4233 2840
2623 5123
5123 3386
3386 152
152 3803
1966 679
679 158
158 1967
1967 196
196 157
157 2475
2475 204
204 5926
5926 151
151 3803
3965 200
200 3965
200 5951
5951 200
5951 3966
3966 5951
3966 199
199 3966
199 5261
5261 199
3936 3935
3935 3936
3935 5264
5264 3935
5264 3934
3934 5264
3934 3933
3933 3934
3933 2391
2391 3933
4047 1096
1096 3993
3993 1097
1097 3994
3994 2421
2421 2414
2414 3992
3992 3991
3991 3988
3988 3984
3984 3986
3986 1098
1098 3982
3982 3980
3980 1099
1099 3977
3977 3975
3975 1100
1100 3974
3565 4153
4153 112
112 117
117 2910
4020 1572
1572 4020
1572 1485
1485 1572
1485 2661
2661 1485
1943 4020
4020 1943
2657 30
30 2176
4996 5749
5749 1961
1961 4977
4977 5045
5045 3085
3085 1791
1791 2942
2942 4976
1954 4993
4991 1954
4025 1928
1928 4991
4026 4028
4026 4029
4029 4019
4028 4032
4032 4031
4031 5135
5135 4030
4030 2558
4997 4033
4033 4997
4033 4036
4036 4033
4997 5214
4046 1107
1095 4762
4762 4047
4049 4048
2528 235
235 2526
2526 3802
2528 234
234 4205
4205 2783
2783 1376
1376 4058
4058 2223
2529 4056
4056 2199
2199 2528
4074 4989
2726 5381
5381 4127
4277 5699
5699 5700
5700 5698
5698 2731
2558 2533
2533 842
842 3077
1931 848
848 841
841 3077
3077 2532
2532 5916
5916 5010
5010 4634
4634 839
839 5004
4208 4652
4652 2740
4208 4653
4653 4208
4653 2759
2759 4653
2759 4144
4144 2759
4153 4152
4152 4153
4152 5563
5563 4152
2552 1931
1931 2993
2993 2533
2558 5668
5668 4204
4988 1867
4204 2766
2766 4988
2557 5559
1946 5074
5074 1946
5074 4998
4998 5074
4019 4027
4027 1788
1788 1946
4212 4210
4210 5242
5242 5241
5241 5237
5237 4209
4209 5240
5240 5239
5239 5238
5238 4213
2907 5213
1114 1115
1115 4201
4201 5666
4910 5562
5562 5559
4368 615
615 5296
5296 5295
5295 5294
5294 4369
4024 4995
4995 5708
5708 5143
5143 1489
1489 5041
5037 4545
4545 1955
1955 1488
1488 4721
2921 5755
5755 5756
5756 4215
2921 4217
2038 4519
4519 4518
4518 4520
4520 4529
2040 4521
4521 4544
4544 4522
4522 4523
4523 2037
2038 4524
4524 4525
4525 2039
2037 4530
4530 4527
4527 4526
4526 4528
4528 4529
2039 4534
4534 4532
4532 4533
4533 4531
4531 2037
4545 1487
1487 5022
3799 5369
5369 3700
2481 5377
5377 1858
5003 3117
3117 5003
3117 5872
5872 3117
5872 5008
5008 5872
5008 851
851 5008
851 5009
5009 851
4549 4553
4553 4549
4553 4552
4552 4553
4550 675
675 674
674 4551
5058 594
594 5058
594 4558
4558 594
4559 4558
4558 4559
4558 4556
4556 4558
1974 574
574 573
573 1973
1973 672
672 4591
4591 5412
5412 5411
5411 4912
4912 5414
5414 671
671 4922
833 2535
2535 832
832 2557
4334 287
287 2859
2859 42
42 1696
1696 5986
5986 5983
5983 3255
3255 421
421 1709
1709 2210
2210 5305
5305 2205
2205 5304
5304 2208
2208 420
420 418
418 2204
5156 582
582 5156
582 4589
4589 582
4836 5499
5499 4836
5499 5500
5500 5499
5500 4596
4596 5500
4596 4837
4837 4596
4837 5745
5745 4837
5745 4595
4595 5745
4597 4598
4598 4597
4597 4602
4602 4597
4602 2486
2486 4602
4599 3843
3843 3331
3331 2220
2220 2222
2222 3954
3954 3870
3870 2219
2219 4600
4600 3955
3955 578
578 2218
2218 3869
3869 3868
3868 3956
3956 3867
3867 3866
3866 3957
3957 2221
2221 3865
3865 3958
3958 2574
2574 3959
3959 3960
3960 3864
3864 659
659 3842
5023 5024
5024 5023
4611 4613
4613 4611
4613 4612
4612 4613
4555 673
673 4555
673 4554
4554 673
1805 1109
4214 4171
4171 1926
1926 4172
4172 1081
1081 4173
4173 1082
1082 4174
4174 1083
2564 2823
2823 4664
1924 2424
2424 4079
1950 1924
2745 2747
2747 2749
2749 5442
5442 2750
2750 5441
5441 2756
2756 2757
2757 5721
5721 2758
2748 2746
2024 829
829 2416
2416 830
830 2429
2429 4632
4632 3373
3373 4631
4631 2540
2540 833
4667 4991
4076 1094
4668 2571
4665 4077
4077 1108
1108 1805
4666 1086
4079 1929
1921 4080
4080 1922
2822 2823
4664 1095
2541 2555
2555 2559
2559 2539
2539 3970
3970 831
831 833
251 4670
4670 251
4670 1246
1246 4670
1246 4671
4671 1246
4671 2794
2794 4671
2794 4675
4675 2794
4675 4672
4672 4675
4672 1249
1249 4672
1249 4673
4673 1249
4673 1247
1247 4673
1247 4674
4674 1247
4674 1250
1250 4674
1250 252
252 1250
252 1251
1251 252
4675 4685
4685 4675
4685 4676
4676 4685
4676 4683
4683 4676
4683 4677
4677 4683
4677 1252
1252 4677
1252 250
250 1252
250 1253
1253 250
4677 1553
1553 4677
1553 1552
1552 1553
1552 4678
4678 1552
4678 4736
4736 4678
4736 4737
4737 4736
4737 4679
4679 4737
2794 4686
4686 2794
4686 4736
4736 4686
4683 4684
4684 4683
4684 4685
4685 4684
4676 4686
4686 4676
4690 1816
1816 2468
2468 4688
4689 5449
5449 1815
4688 5632
5632 5452
5452 2607
2607 1817
1817 5620
5620 2465
2465 5451
5451 1818
4687 2469
2469 2470
2470 4689
4697 4700
4700 4701
4701 4702
4702 4703
4703 4704
4704 4705
4705 4706
4706 4707
4707 4708
4708 4709
4709 4710
4710 4715
4715 4711
4711 4712
4712 4713
4713 4714
4714 4699
3678 3433
3433 3431
3431 3676
3676 5696
5696 2720
2720 3430
3430 2719
2719 3091
3091 4755
4755 2869
2869 5021
5021 3675
3675 3673
3673 3672
3672 4967
1847 3678
3677 1848
1848 3434
3434 1940
1940 2721
2721 2936
2936 1849
1849 2724
2724 3680
3680 1850
1850 1851
1851 2726
2726 4128
4128 2727
2727 2729
2729 1852
2078 696
696 3208
3208 5989
5989 5461
5461 3213
3213 2077
2077 5502
5502 5459
5459 3219
3219 2076
2076 1025
1025 1027
1027 2857
2857 1031
1031 5391
5391 4644
2916 3206
4290 1778
1778 4111
4111 4291
4291 4133
4133 5945
5945 1845
2916 665
665 2797
3206 2637
2637 2641
2641 3441
2914 4099
4099 2914
4099 2596
2596 4099
2596 5641
5641 2596
5641 5646
5646 5641
5646 5948
5948 5646
5948 2913
2913 5948
5327 4101
4101 3545
3545 4102
4102 4103
4103 4339
4339 4105
4105 3510
3510 2915
4340 102
102 4340
102 5598
5598 102
5598 3482
3482 5598
3482 4325
4325 3482
5592 1583
1583 5592
1583 4324
4324 1583
4324 5579
5579 4324
5579 3483
3483 5579
3483 4325
4325 3483
1977 645
645 1977
645 4309
4309 645
4309 53
53 4309
53 4866
4866 53
4866 4865
4865 4866
4865 2432
2432 4865
2432 644
644 2432
644 4320
4320 644
4320 4863
4863 4320
4863 54
54 4863
54 513
513 54
513 4321
4321 513
4321 5567
5567 4321
5567 111
111 5567
1977 634
634 3281
3281 4311
4293 3507
3507 4293
3507 3464
3464 3507
3464 2901
2901 3464
2901 3465
3465 2901
3465 3555
3555 3465
3555 2902
2902 3555
4294 3539
3539 3506
3506 4293
4744 4745
4745 4746
4746 4747
4747 4748
4744 5484
5484 5483
5483 5482
5482 3211
3211 4743
2078 1056
1056 1057
1057 1058
1058 693
693 2158
4749 5318
5318 5319
5319 5320
5320 4751
4751 5328
5328 5329
2948 2344
4697 4696
4696 2477
1902 4904
4904 2323
2323 3719
5510 927
927 4361
4361 5469
5469 2467
2467 5470
5470 2608
2608 5624
5624 3553
3553 1818
4367 5896
5896 4367
5896 5895
5895 5896
5895 2709
2709 5895
5019 1933
1933 5019
2045 4788
4788 1341
1341 3189
3189 350
350 2027
2027 3185
3185 375
375 3791
3791 4786
4786 3149
3149 2089
2089 3169
3169 2028
2028 2167
2167 3139
3139 394
394 2029
2029 3163
3163 472
472 3792
3792 3159
3159 334
334 777
777 776
776 781
781 6032
6032 6030
6030 654
654 1454
1454 3793
3365 2959
2959 141
141 4952
4842 5762
5762 4843
4843 5761
5761 4844
2278 4516
4516 5350
5350 1985
4867 2410
2410 4867
2200 2423
2423 2627
5150 2489
2489 5148
5148 4981
2907 3624
3624 1061
1061 5864
5864 1062
1062 5662
1935 2456
4882 883
883 4883
4883 4884
4884 1785
1785 4885
4885 884
884 4886
4024 5155
5155 1956
1956 5144
5144 4996
5707 5067
5067 5707
5067 5066
5066 5067
5066 5065
5065 5275
5275 5276
5276 5277
5277 5064
5064 5063
5063 5282
5282 5283
5283 5062
5062 5281
5281 5061
5061 5280
5280 5279
5279 5278
5278 5060
5060 760
760 5059
5059 5066
4311 5742
5742 3277
3277 5741
5741 3279
3279 4310
4310 3284
3284 4309
4277 2730
2730 4277
2730 4129
4129 2730
4129 4130
4130 4129
4130 4276
4276 4130
4276 4131
4131 4276
4131 4132
4132 4131
4132 4275
4275 4132
2503 5972
5972 4137
4137 1939
1939 4136
4136 5971
5971 4135
4135 4134
4134 2454
2454 3195
3195 4127
4127 5970
5970 4277
3316 584
584 3316
584 580
580 584
580 4919
4919 580
1975 441
441 1975
441 576
576 441
576 577
577 576
577 442
442 577
442 2578
2578 442
5082 1807
1988 3048
3048 2110
2110 2109
2109 1989
1989 1990
1990 2833
2833 2108
2108 2399
2399 5638
5638 2107
2107 2106
2106 1991
1991 2285
2285 2105
2105 2104
2104 2103
2103 2102
2102 4509
4509 2273
2273 1992
5087 2065
4739 5086
5086 5087
5091 692
692 5091
692 5088
5088 692
5088 5183
5183 5088
5183 5090
5090 5183
5090 5181
5181 5090
5181 5182
5182 5181
5182 5089
5089 5182
5095 5094
5094 5093
5093 5092
5099 858
858 5307
5307 5308
5308 5309
5309 5096
5096 5310
5310 5311
5311 5312
5312 5097
5097 859
859 5098
5118 161
161 5118
161 160
160 161
160 5116
5116 160
5116 159
159 5116
159 587
587 159
587 5117
5117 587
3790 593
593 5117
5117 60
60 5081
5081 2033
2624 542
542 4767
4767 1038
1038 4757
4757 4770
4770 1037
1037 4656
4656 4658
4669 5125
5125 4669
5125 4681
4681 5125
4681 1245
1245 4681
1245 1244
1244 1245
1244 5128
5128 1244
5128 140
140 5128
140 5126
5126 140
5126 1243
1243 5126
5634 4357
2083 568
568 2083
568 4367
4367 568
4360 2713
2713 4360
2713 5748
5748 2713
1917 531
531 1917
531 3226
3226 531
5168 5169
5169 5168
5174 5563
5563 5174
5563 5171
5171 5563
5171 5172
5172 5171
5172 5170
5170 5172
5170 5173
5173 5170
5173 2950
2950 5173
2950 2955
2955 2950
2952 3094
3094 2952
3094 2953
2953 3094
2953 2958
2958 2953
2958 2955
2955 2958
5199 4224
4221 3626
5212 5554
5554 5555
5555 5556
5556 4986
5213 6023
6023 38
38 5199
3625 3624
5214 5154
5225 5038
2 1169
1169 1168
1168 1167
1167 1166
1166 1165
1165 1164
1164 1149
1149 1163
1163 1162
1162 1161
1161 1160
1160 1159
1159 1158
1158 1150
1150 1170
1170 3
4991 4026
4370 5298
5298 5297
5297 616
616 4371
4369 4370
5316 5314
5314 5433
5433 5317
3908 4888
4888 2812
5329 2043
2226 3766
3766 2202
2202 5330
1839 5331
5331 5029
5029 2893
2893 2733
1857 2735
5339 1845
1852 5347
5347 5340
5340 5348
5348 5341
3896 3693
5354 4253
5357 1604
1604 5357
1604 1605
1605 1604
1605 5356
5356 1605
4286 313
313 4286
313 6012
6012 313
6012 5358
5358 6012
5358 5824
5824 5358
5824 5359
5359 5824
5359 5367
5367 5359
5367 5360
5360 5367
5360 5366
5366 5360
5366 5361
5361 5366
5361 5362
5362 5361
5362 5363
5363 5362
5363 5365
5365 5363
5365 5364
5364 5365
2342 2879
2879 2344
5372 2057
2057 3423
2931 4981
2931 5147
5147 4985
5214 4966
4966 4024
5209 4023
1849 2503
2503 1849
3800 414
414 3800
414 3172
3172 414
3172 3176
3176 3172
3176 1862
1862 3176
2027 374
374 3188
3188 5937
5937 3179
3179 1862
4941 3368
3368 3598
3598 2449
2344 2962
2962 4869
4869 2449
3888 4784
4784 3161
3161 2452
2452 392
392 3162
3162 3003
3003 3801
1862 372
372 1862
372 3178
3178 372
3178 4607
4607 3178
4607 3180
3180 4607
3180 2046
2046 3180
5398 881
881 5397
5397 5392
5392 5396
5396 5393
5393 5395
5395 5394
4085 4982
2191 3127
3127 3125
3125 218
218 5047
5047 231
231 2192
2192 222
222 2905
2905 5801
5801 3393
3393 5048
2289 666
666 2301
2553 2165
2165 2767
2767 2412
1825 1562
1562 1825
1562 4234
4234 1562
2912 1558
1558 2912
1558 4151
4151 1558
4151 4232
4232 4151
2342 4749
3819 3932
3932 3819
3932 2391
2391 3932
2391 2393
2393 2391
5498 5618
5618 5498
5462 521
521 5462
521 2710
2710 521
2710 4367
4367 2710
5509 5508
5508 5507
5507 5506
5506 5505
5505 5504
5504 5503
5510 5511
5511 5512
5512 5513
5513 5514
5514 5515
5515 5516
5558 5557
5557 5558
3407 4235
5033 5039
5039 5033
2828 5680
5680 2828
5680 5033
5033 5680
1912 3353
3353 3354
3354 3355
3355 3356
3356 3357
3357 3358
3358 4948
5559 2770
2771 4910
4658 4657
4657 544
544 546
546 2627
5571 4179
4179 3617
4196 1110
1110 4195
4195 1111
1083 1084
1084 4181
4181 4180
4180 5571
1109 4197
4197 4196
5664 4200
6019 5701
5701 6019
2158 702
702 2084
2084 5923
2079 1088
1088 125
125 701
701 695
695 2158
2079 3215
3215 700
700 13
13 2077
2077 14
14 5501
5501 3216
3216 697
697 2072
5577 5471
5471 5576
5576 5465
5465 5627
5627 5915
5915 920
920 5516
5516 2714
2714 5617
5593 2604
2604 2603
2603 2602
2602 1811
2569 2554
1953 2545
2545 2546
2546 2547
2547 2569
4985 4986
4986 5180
2949 899
899 896
2233 3755
3755 2228
2228 2235
2900 516
516 2900
516 5575
5575 516
5300 1902
4296 3525
3525 1808
5327 4100
4100 3546
3546 3520
3520 4296
2914 5327
2833 5640
5640 5639
5639 5638
5649 5648
5648 5647
5647 5646
5657 413
413 5656
3889 1774
1774 1775
1775 5657
1444 5659
5659 1444
5659 1449
1449 5659
1449 1446
1446 1449
1446 1448
1448 1446
1448 1450
1450 1448
1450 1447
1447 1450
1447 5658
5658 1447
5163 3621
3621 5163
4234 1564
1564 4234
1564 5667
5667 1564
5667 5935
5935 5667
5935 1559
1559 5935
1559 2912
2912 1559
5164 3619
3619 5164
1868 2572
2572 154
154 2475
2475 156
156 155
155 3902
5671 3377
3377 253
253 1868
5672 232
232 2196
2415 5673
5673 2415
5017 2415
2415 5017
4048 3007
2197 4050
4050 3788
3788 3006
4267 4049
4049 4066
4066 5815
5815 5813
5813 2781
2781 2101
2101 547
547 4065
4065 545
545 2779
2779 2100
2716 4038
4038 2716
4038 5018
5018 4038
5018 1962
1962 5018
1962 4040
4040 1962
4040 5909
5909 4040
5909 5017
5017 5909
1845 2728
5015 1958
2191 223
223 2200
5046 4975
4975 3912
3912 1492
1492 4974
5158 3426
3426 5043
5043 4971
4971 4970
5205 3408
3408 3409
3409 3410
3410 2055
2055 3411
3411 3412
2918 3407
5683 3076
3076 5681
5681 5682
5682 4263
2925 5931
5931 39
39 2907
5685 3429
2062 5690
5690 5689
5689 5688
5688 5687
5687 5686
5686 5685
4967 5692
5692 5205
2456 5115
5115 2456
4281 3200
3200 5944
5944 5943
5943 2916
5701 28
28 5701
28 5574
5574 28
5002 814
814 5002
814 815
815 814
815 4985
4985 815
1866 312
312 1866
312 4646
4646 312
4646 5997
5997 4646
5997 27
27 5997
27 4691
4691 27
4691 4692
4692 4691
4692 4663
4663 4692
4663 5911
5911 4663
5911 4661
4661 5911
4661 1865
1865 4661
5702 6018
6018 5702
6018 4648
4648 6018
4648 1866
1866 4648
4144 4649
4649 4144
4649 5702
5702 4649
5703 5995
5995 5703
5995 4651
4651 5995
4651 4208
4208 4651
1866 4647
4647 1866
4647 4145
4145 4647
4145 912
912 4145
912 1970
1970 912
2043 1884
1993 3073
3073 2302
2302 2262
1993 5704
5704 1993
5216 5706
5706 5705
5705 4388
2111 5707
5707 2111
4217 4002
4002 5539
5539 5540
5540 4003
4003 5713
5713 5759
5759 5712
5712 5711
5711 5710
4254 3564
3564 4254
3564 4246
4246 3564
2155 2751
2751 2674
2674 5949
5949 2748
5013 5146
5146 5723
4319 635
635 5496
5496 272
272 269
5727 5940
5940 804
804 276
276 805
805 277
277 806
806 278
278 273
273 5496
5496 288
288 41
41 643
643 5611
5611 3142
3142 2859
1978 5521
5521 632
632 1977
5729 380
380 347
347 379
379 1983
5730 1770
1770 5728
5728 1769
1769 5729
5732 1412
1412 5732
1412 1422
1422 1412
1422 5771
5771 1422
5771 4282
4282 5771
4282 395
395 4282
395 2929
2929 395
4780 3156
3156 4780
3156 4785
4785 3156
4785 1863
1863 4785
1863 3167
3167 1863
3167 4783
4783 3167
4783 3168
3168 4783
3168 3800
3800 3168
2446 4851
4851 5936
5936 2681
2681 3798
2046 335
335 2046
335 3184
3184 335
3184 4830
4830 3184
4830 2696
2696 4830
5733 4650
4650 4208
2071 3209
3209 4743
4743 2154
5734 4743
5992 120
120 5734
2928 708
708 2928
708 3192
3192 708
3192 4780
4780 3192
2485 1732
1732 2485
1732 3280
3280 1732
3280 2830
2830 3280
5739 5738
5738 5737
5737 5736
4336 3220
3220 4336
3220 2715
2715 3220
5740 5374
5374 2651
4734 5446
5446 2742
2742 2743
2743 2744
2744 5443
5443 2745
1807 4353
1933 5744
5628 2482
5748 5568
5568 5510
2021 5874
5874 2883
5771 314
314 5771
314 6013
6013 314
6013 5770
5770 6013
5770 5769
5769 5770
5769 1545
1545 5769
1545 5768
5768 1545
5768 1546
1546 5768
1546 1047
1047 1546
1047 5767
5767 1047
5767 5766
5766 5767
5766 5763
5763 5766
5763 5765
5765 5763
5765 5764
5764 5765
5764 1015
1015 5764
5775 5774
5774 5775
5774 5772
5772 5774
5772 5773
5773 5772
5773 1796
1796 5773
1796 1803
1803 1796
1803 1797
1797 1803
1797 1804
1804 1797
5780 1801
1801 5780
1801 5779
5779 1801
5779 5778
5778 5779
5778 5777
5777 5778
5777 5775
5775 5777
5775 1795
1795 5775
1795 5776
5776 1795
5790 318
318 5789
5789 5788
5788 5787
5787 5786
5786 5782
5782 5785
5785 5784
5784 319
319 5781
5781 5783
5798 187
187 5798
187 5797
5797 187
5797 5792
5792 5797
5792 5796
5796 5792
5796 5795
5795 5796
5795 5791
5791 5795
5791 5794
5794 5791
5794 186
186 5794
186 5793
5793 186
5801 220
220 5801
220 5799
5799 220
5799 5800
5800 5799
1625 5808
5808 1625
5808 5807
5807 5808
5807 5806
5806 5807
5806 5805
5805 5806
5813 298
298 5813
298 5810
5810 298
5810 1386
1386 5810
1386 5812
5812 1386
5815 299
299 5815
299 5811
5811 299
5811 1387
1387 5811
1387 5814
5814 1387
5818 5817
5817 5818
5824 5816
5816 5824
5816 5818
5818 5816
5818 5823
5823 5818
5823 5822
5822 5823
5822 5821
5821 5822
5821 5820
5820 5821
5820 5819
5819 5820
5765 5828
5828 5765
5828 5827
5827 5828
5827 5826
5826 5827
5826 5825
5825 5826
5825 5359
5359 5825
5830 201
201 5830
201 5841
5841 201
5841 5829
5829 5841
5974 202
202 5974
202 5842
5842 202
5842 5831
5831 5842
5836 322
322 5836
322 5843
5843 322
5843 5835
5835 5843
5835 5834
5834 5835
5834 5833
5833 5834
5833 5832
5832 5833
5832 940
940 5832
940 939
939 940
939 938
938 939
938 941
941 938
245 5839
5839 245
5839 5844
5844 5839
246 5840
5840 246
5840 5845
5845 5840
384 385
385 386
386 387
387 388
388 389
389 391
5849 623
623 5849
623 5847
5847 623
5847 5848
5848 5847
5851 3005
3005 5851
5856 249
249 5856
249 5850
5850 249
5850 5851
5851 5850
3005 5855
5855 3005
5855 5854
5854 5855
5854 5853
5853 5854
5853 5852
5852 5853
5859 5857
5857 5859
5857 860
860 5857
860 5858
5858 860
4198 1069
1069 4198
1069 1603
1603 1069
1603 5865
5865 1603
5870 770
770 5870
770 5869
5869 770
5869 5868
5868 5869
5868 5867
5867 5868
5867 5066
5066 5867
5190 1831
1872 2885
2883 4578
1992 4860
4860 1992
4860 4859
4859 4860
2412 2536
2683 5882
5884 2066
3299 2684
2684 4896
2813 2238
2238 5663
5663 3580
3580 3579
3579 3578
3578 1021
1021 2239
2239 2244
2244 2237
2436 275
275 5523
5523 1711
1711 1720
1720 44
44 1978
1978 5520
5520 40
40 5727
5905 2059
2059 2862
4721 5908
4023 2660
2660 5037
5037 5747
5747 5746
5746 5708
5509 562
562 4360
5912 5914
2626 178
178 2626
178 217
217 178
217 2201
2201 217
5965 5160
5160 1893
1893 1895
1895 1897
1897 2858
5983 599
599 5984
5984 5985
5985 600
600 5986
2707 694
694 2707
694 5616
5616 694
4360 2712
2712 5510
5748 2083
2083 5748
5991 2159
5735 5992
5995 5993
5993 5995
5993 1403
1403 5993
1403 5994
5994 1403
3804 869
869 3397
2626 179
179 174
174 176
176 2476
2476 189
189 173
173 190
190 4374
5914 2626
4266 775
775 4266
775 332
332 775
332 767
767 332
6010 6009
6009 6010
6009 6008
6008 6009
6008 6007
6007 6008
6007 6006
6006 6007
6006 6005
6005 6006
6005 6004
6004 6005
6004 6003
6003 6004
6003 6002
6002 6003
6002 6001
6001 6002
6001 6000
6000 6001
6000 5999
5999 6000
5999 660
660 5999
660 4268
4268 660
6019 5573
5573 6019
4883 6025
6025 4883
6030 651
651 6029
6032 652
652 6031
6033 649
649 6034
6036 650
650 6035
4 5
5 4
5 6
6 5
5293 5291
3 1171
2201 5996
5996 2201
5069 5070
5070 5069
1143 27
27 1143
60 590
590 60
590 143
143 590
143 61
61 143
61 146
146 61
146 62
62 146
62 144
144 62
4306 1693
1693 4306
1693 66
66 1693
66 1694
1694 66
1694 67
67 1694
67 68
68 67
1809 73
73 5922
5922 86
86 2606
2606 2605
1818 1819
1819 103
5923 5998
5998 129
129 2157
127 331
331 127
331 1865
1865 331
103 522
522 130
130 131
131 132
132 133
133 134
134 79
79 80
80 81
81 78
78 135
135 136
136 4358
6 5292
5292 6
145 588
588 145
588 63
63 588
144 145
145 144
146 703
703 146
703 704
704 703
147 589
589 147
589 704
704 589
163 194
194 163
194 164
164 194
2628 181
181 3926
3926 182
182 180
2628 180
180 2628
4049 300
300 4049
300 169
169 300
3006 4048
207 208
208 207
208 206
206 208
206 873
873 206
873 209
209 873
210 213
213 210
213 1053
1053 213
5730 348
348 1983
5846 403
403 382
382 383
383 384
391 404
404 390
570 245
245 570
3462 604
604 605
605 606
606 5374
618 622
622 618
622 1692
1692 622
1692 619
619 1692
619 620
620 619
619 621
621 619
680 681
681 680
681 943
943 681
943 942
942 943
942 3099
3099 942
2025 4756
4756 2774
2774 4635
4635 2771
3794 784
784 5070
5070 2030
2030 5243
5243 1970
1970 4211
4211 4212
4212 4213
4213 4146
4146 1544
1544 1834
3793 333
333 4266
4266 1543
1543 769
769 1406
1406 3794
4285 311
311 705
4285 677
677 4645
4645 1866
706 709
709 706
709 707
707 709
713 715
715 713
715 4655
4655 715
4655 714
714 4655
716 728
728 716
728 729
729 728
729 730
730 729
730 748
748 730
748 731
731 748
731 732
732 731
732 759
759 732
759 743
743 759
743 753
753 743
753 733
733 753
734 752
752 734
752 735
735 752
735 736
736 735
736 737
737 736
737 738
738 737
738 739
739 738
739 740
740 739
740 741
741 740
741 742
742 741
742 751
751 742
751 743
743 751
745 717
717 745
717 718
718 717
718 749
749 718
749 719
719 749
719 744
744 719
744 765
765 744
765 720
720 765
720 764
764 720
764 721
721 764
721 761
761 721
761 722
722 761
722 763
763 722
763 723
723 763
723 762
762 723
762 724
724 762
724 766
766 724
766 725
725 766
725 726
726 725
726 5870
5870 726
4510 5866
5866 4510
754 746
746 754
746 5061
5061 746
733 747
747 733
5866 727
727 5866
727 5870
5870 727
755 756
754 755
755 754
756 757
757 758
758 755
747 754
754 747
767 768
5261 307
307 3119
3119 3808
3808 308
308 149
149 1995
3397 5404
5404 872
872 5261
772 824
824 772
824 771
771 824
771 773
773 771
777 783
783 778
778 779
779 780
780 782
782 781
253 789
789 790
790 791
791 792
792 793
1868 793
804 270
270 6026
805 807
807 6037
6038 271
271 806
6027 885
885 4548
6028 886
886 803
803 802
808 809
809 808
4239 1556
1556 808
808 4015
4015 5714
5714 5717
5717 5716
817 5625
862 867
867 861
861 863
863 864
864 865
865 866
3291 4716
4716 1873
4699 4698
4698 3291
2685 2949
2686 2477
328 2342
2865 2147
2696 2340
2340 2696
2343 2863
2343 292
292 2343
2887 2864
2864 2340
2026 2887
3191 1346
1346 3191
1346 341
341 1346
341 2045
2045 341
2346 2888
2981 2346
2348 2512
286 2348
4898 2523
20 4898
2509 962
962 2348
2042 280
2458 2518
2434 2516
269 2434
2347 2521
364 2347
887 5887
5887 2948
896 887
889 888
888 887
896 895
895 894
894 893
893 892
892 891
891 890
890 889
899 898
898 899
898 897
897 898
903 905
905 903
2344 2044
904 902
902 904
902 903
903 902
2435 901
901 900
900 2519
2519 2522
2522 1738
1738 2347
908 911
911 908
911 1455
1455 911
1455 909
909 1455
909 1392
1392 909
1392 1393
1393 1392
1393 910
910 1393
913 915
915 913
915 914
914 915
920 921
921 922
922 923
923 924
924 925
925 926
926 927
2524 932
932 1022
1022 931
931 930
930 1023
1023 929
929 928
928 3694
933 934
934 933
934 935
935 934
935 936
936 935
936 937
937 936
3099 3098
3098 3099
3098 682
682 3098
944 945
945 944
945 953
953 945
953 952
952 953
952 951
951 952
951 950
950 951
950 949
949 950
949 948
948 949
948 947
947 948
947 1383
1383 947
957 956
956 957
956 955
955 956
955 954
954 955
954 4537
4537 954
961 960
960 961
960 959
959 960
959 958
958 959
966 965
965 966
965 964
964 965
964 963
963 964
1140 1138
1138 1140
1138 971
971 1138
971 970
970 971
970 1139
1139 970
1139 1137
1137 1139
1137 969
969 1137
969 1136
1136 969
1136 1135
1135 1136
1135 1133
1133 1135
1133 968
968 1133
968 1134
1134 968
1134 967
967 1134
973 981
981 973
981 980
980 981
980 979
979 980
979 978
978 979
978 977
977 978
977 1003
1003 977
1003 976
976 1003
976 975
975 976
975 974
974 975
985 984
984 985
984 983
983 984
983 982
982 983
982 1127
1127 982
1127 1391
1391 1127
1391 1390
1390 1391
1390 1128
1128 1390
1128 1129
1129 1128
1129 1388
1388 1129
1388 1389
1389 1388
1389 1130
1130 1389
991 1635
1635 991
1635 1634
1634 1635
1634 1633
1633 1634
1633 1632
1632 1633
1632 1636
1636 1632
1636 1637
1637 1636
1637 1630
1630 1637
1630 1631
1631 1630
1631 1041
1041 1631
1041 1040
1040 1041
1040 990
990 1040
1001 1030
1030 1001
1030 1000
1000 1030
1000 999
999 1000
999 1028
1028 999
1028 998
998 1028
998 1029
1029 998
1029 997
997 1029
5795 989
989 5795
989 988
988 989
988 987
987 988
987 986
986 987
996 995
995 996
995 994
994 995
994 993
993 994
993 992
992 993
2605 84
84 82
82 5582
2609 5549
5549 5550
5550 5548
5548 1014
1007 2601
2601 4177
4177 1824
1824 2825
2825 2595
1019 1018
1018 1019
1018 1483
1483 1018
1483 1017
1017 1483
1017 1016
1016 1017
1018 1035
1035 1018
1035 1036
1036 1035
1036 1032
1032 1036
1032 1037
1037 1032
1017 1039
1039 1017
1039 1034
1034 1039
1034 1033
1033 1034
1033 1038
1038 1033
1047 1046
1046 1047
1046 1045
1045 1046
1045 1044
1044 1045
1044 1043
1043 1044
1043 1042
1042 1043
1042 992
992 1042
1053 212
212 1053
212 211
211 212
4748 4728
4728 4727
4727 688
688 2078
1075 1078
1078 1075
1078 1076
1076 1078
1117 1120
1120 1117
1120 1121
1121 1120
1121 1116
1116 1121
1125 1124
1124 1125
1124 1123
1123 1124
1122 1126
1126 1122
1126 1125
1125 1126
1131 708
1132 769
1141 1140
1140 1141
972 1142
1142 972
1142 1141
1141 1142
5861 1144
1144 5861
1144 6011
6011 1144
5864 1145
1145 5864
1145 5862
5862 1145
1150 1149
1149 1150
5291 2
1158 1157
1157 1158
1157 1156
1156 1157
1156 1155
1155 1156
1155 1154
1154 1155
1154 1153
1153 1154
1153 1152
1152 1153
1152 1151
1151 1152
1151 1159
1159 1151
1184 1185
1185 1191
1191 1186
1186 1187
1187 1188
1188 1189
1189 1172
1172 1173
1173 1174
1174 1175
1175 1180
1180 1181
1181 1182
1182 1183
1183 1176
1176 1177
1177 1178
1178 1179
1179 1184
1186 905
905 1173
1180 1190
1190 1180
1193 1192
1196 1195
1195 1194
1194 1193
1201 1200
1200 1199
1199 1198
1198 1197
1197 1196
1210 309
309 1209
1209 1208
1208 1207
1207 1206
1206 1205
1215 1214
1214 1202
1202 1213
1213 1212
1212 1211
1211 1204
1203 1221
1221 1203
1221 1220
1220 1221
1220 1216
1216 1220
1216 1217
1217 1216
1217 1219
1219 1217
1219 1218
1218 1219
1225 1224
1224 1225
1224 1223
1223 1224
1223 1222
1222 1223
1229 1228
1228 1229
1228 1227
1227 1228
1234 1233
1233 1234
1233 1232
1232 1233
1232 1230
1230 1232
1230 1231
1231 1230
1227 1226
1226 1227
1239 1238
1238 1239
1238 1240
1240 1238
1240 1237
1237 1240
1237 1236
1236 1237
1236 1235
1235 1236
1242 1241
1241 1242
1241 1240
1240 1241
4670 1243
1243 4670
1243 5127
5127 1243
5127 4682
4682 5127
1248 1247
1247 1248
1257 1256
1256 1257
1256 1255
1255 1256
1255 1254
1254 1255
4285 1260
1260 4285
1260 1259
1259 1260
1259 1258
1258 1259
1266 1265
1265 1266
1265 1264
1264 1265
1264 1263
1263 1264
1271 1270
1270 1271
1270 1261
1261 1270
1261 1269
1269 1261
1269 1267
1267 1269
1267 1268
1268 1267
1282 1281
1281 1282
1285 1284
1284 1285
1284 1283
1283 1284
1283 1282
1282 1283
1281 1280
1280 1281
1280 1279
1279 1280
1279 1278
1278 1279
1278 1277
1277 1278
1277 1276
1276 1277
1276 1275
1275 1276
1275 1274
1274 1275
1274 1273
1273 1274
1273 1272
1272 1273
1292 1291
1291 1292
1291 1262
1262 1291
1262 1290
1290 1262
1290 1289
1289 1290
1289 1288
1288 1289
1288 1287
1287 1288
1287 1286
1286 1287
1297 1296
1296 1297
1296 1293
1293 1296
1293 1294
1294 1293
1294 1295
1295 1294
1299 1298
1298 1299
1300 1299
1299 1300
1302 1301
1301 1302
1301 1300
1300 1301
1306 1305
1305 1306
1305 1303
1303 1305
1303 1304
1304 1303
1319 1310
1310 1309
1309 1308
1308 1307
1311 1316
1316 1311
1318 1317
1317 1318
1317 1316
1316 1317
1316 1315
1315 1316
1315 1314
1314 1315
1314 1313
1313 1314
1313 1312
1312 1313
1312 1319
1319 1312
1329 1328
1328 1327
1327 1326
1326 1325
1325 1324
1324 1323
1323 1322
1322 1321
1321 1320
1320 1319
1331 1336
1336 1331
1336 1330
1330 1336
1341 1340
1340 1341
1340 1339
1339 1340
1339 1338
1338 1339
1338 1337
1337 1338
1337 1335
1335 1337
1335 1333
1333 1335
1333 1334
1334 1333
1334 1332
1332 1334
1332 1336
1336 1332
1346 1345
1345 1346
1345 1344
1344 1345
1344 1342
1342 1344
1342 1343
1343 1342
1357 1356
1356 1357
1356 1355
1355 1356
1355 1354
1354 1355
1354 1353
1353 1354
1353 1352
1352 1353
1352 1351
1351 1352
1351 1350
1350 1351
1350 1349
1349 1350
1349 1348
1348 1349
1348 1347
1347 1348
1360 1359
1359 1360
1359 1358
1358 1359
1365 1364
1364 1365
1364 1363
1363 1364
1363 1362
1362 1363
1362 1361
1361 1362
1368 1366
1366 1368
1371 1370
1370 1371
1370 1369
1369 1370
1369 1368
1368 1369
1368 1367
1367 1368
1376 1375
1375 1376
1375 1374
1374 1375
1374 1373
1373 1374
1373 1372
1372 1373
1381 1380
1380 1381
1380 1379
1379 1380
1379 1378
1378 1379
1378 1377
1377 1378
1384 1385
1385 1384
1385 946
946 1385
1383 1382
1382 1383
1382 1384
1384 1382
1387 1547
1547 1387
1547 1386
1386 1547
1396 1395
1395 1396
1395 1394
1394 1395
1399 1398
1398 1399
1398 1397
1397 1398
1402 1401
1401 1402
1401 1400
1400 1401
1406 1405
1405 1406
1405 1404
1404 1405
1143 1407
1407 1143
1407 1411
1411 1407
1411 1408
1408 1411
1408 1409
1409 1408
1409 1410
1410 1409
1410 5069
5069 1410
1422 1421
1421 1422
1421 1420
1420 1421
1420 1419
1419 1420
1419 1418
1418 1419
1418 1417
1417 1418
1417 1416
1416 1417
1416 1415
1415 1416
1415 1414
1414 1415
1414 1413
1413 1414
1413 1412
1412 1413
1426 1425
1425 1426
1425 1424
1424 1425
1424 1423
1423 1424
63 1428
1428 1429
1445 1431
1431 1444
1442 1441
1441 985
1442 1433
1433 1432
1432 1445
1439 1434
1434 1435
1435 1438
1438 1436
1436 1437
1437 5296
1444 1440
1440 1443
1443 1439
1439 1442
3892 614
614 1430
1430 1445
1454 1451
1451 1454
1451 1427
1427 1451
1427 1453
1453 1427
1453 1452
1452 1453
1458 1457
1457 1458
1457 1456
1456 1457
1466 1465
1465 1466
1465 1459
1459 1465
1459 1464
1464 1459
1464 1463
1463 1464
1463 1462
1462 1463
1462 1461
1461 1462
1461 1460
1460 1461
1468 1467
1467 1469
1469 1470
1474 1473
1473 1474
1473 1472
1472 1473
1472 1471
1471 1472
1478 1477
1477 1478
1477 1476
1476 1477
1476 1475
1475 1476
1481 1480
1480 1481
1480 1479
1479 1480
1502 1501
1501 1502
1501 1496
1496 1501
1496 1495
1495 1496
1495 1500
1500 1495
1500 1499
1499 1500
1499 1498
1498 1499
1498 1497
1497 1498
4564 1504
1504 4564
1504 1503
1503 1504
1522 1509
1509 1522
1507 1508
1508 1506
1506 1509
1509 1510
1510 1511
1511 1512
1512 1513
1513 1514
1514 1515
1515 1516
1516 1517
1517 1518
1518 1519
1519 1520
1520 1521
1521 1522
1522 1505
1505 1523
1523 1524
1525 5157
5157 1525
5157 2853
2853 5157
4590 5156
5156 4590
1529 1528
1528 1529
1528 1526
1526 1528
1526 1527
1527 1526
1535 1534
1534 1535
1534 1533
1533 1534
1533 1532
1532 1533
1532 1531
1531 1532
1531 1530
1530 1531
1539 1538
1538 1539
1538 1537
1537 1538
1537 1536
1536 1537
4554 4553
4553 4554
1550 1549
1549 1550
1549 1548
1548 1549
1551 150
150 1551
150 1550
1550 150
1561 1567
1567 1561
1560 1561
1561 1560
1568 1566
1566 1568
1566 1560
1560 1566
1573 1576
1576 1573
1574 1573
1573 1574
1577 1575
1575 1577
1575 1574
1574 1575
1587 1584
1584 1587
1584 1585
1585 1584
1585 1586
1586 1585
1590 1588
1588 1590
1588 1589
1589 1588
1593 1591
1591 1593
1591 1592
1592 1591
1599 1598
1598 1599
1598 1601
1601 1598
1597 1600
1600 1597
1600 1599
1599 1600
1608 1606
1606 1608
1606 1607
1607 1606
1617 1616
1616 1617
1617 1615
1615 1614
1614 1613
1613 1612
1612 1611
1611 1610
1618 1609
1609 1617
1621 1620
1620 1619
1624 1623
1623 1622
1628 1626
1626 1628
1626 1627
1627 1626
1645 1638
1638 1645
1638 1644
1644 1638
1647 1646
1646 1647
1646 1645
1645 1646
1644 1643
1643 1644
1643 1642
1642 1643
1642 1641
1641 1642
1641 1640
1640 1641
1640 1639
1639 1640
1657 1656
1656 1657
1656 1655
1655 1656
1655 1654
1654 1655
1654 1653
1653 1654
1653 1652
1652 1653
1652 1651
1651 1652
1651 1650
1650 1651
1650 1649
1649 1650
1660 1659
1659 1660
1659 1648
1648 1659
1648 1657
1657 1648
1657 1658
1658 1657
1666 1665
1665 1666
1668 1667
1667 1668
1667 1661
1661 1667
1661 1666
1666 1661
1665 1664
1664 1665
1664 1663
1663 1664
1663 1662
1662 1663
1674 1673
1673 1674
1673 1672
1672 1673
1672 1671
1671 1672
1671 1670
1670 1671
1670 1669
1669 1670
1678 1675
1675 1678
1675 1677
1677 1675
1681 1680
1680 1681
1680 1679
1679 1680
1684 1683
1683 1684
1683 1676
1676 1683
1676 1682
1682 1676
1691 1689
1689 1691
1689 1690
1690 1689
1696 598
598 1696
598 1695
1695 598
1979 1702
1702 1979
1702 1701
1701 1702
1701 1700
1700 1701
1700 1699
1699 1700
1699 1698
1698 1699
1698 1697
1697 1698
1704 1703
1703 1704
1709 1708
1708 1709
1708 1707
1707 1708
1707 1706
1706 1707
1706 1705
1705 1706
1714 1713
1713 1714
1715 1714
1714 1715
1713 1712
1712 1713
1712 1711
1711 1712
1717 1716
1716 1717
1718 1717
1717 1718
1720 1719
1719 1720
1719 1710
1710 1719
1710 1718
1718 1710
1730 1729
1729 1730
1729 1728
1728 1729
1728 1727
1727 1728
1727 1726
1726 1727
1726 1725
1725 1726
1725 1724
1724 1725
1724 1723
1723 1724
1723 1722
1722 1723
1722 1721
1721 1722
1732 1731
1731 1732
1738 1737
1737 1738
1737 1736
1736 1737
1736 1735
1735 1736
5809 1625
1625 5809
1743 1771
1771 1743
1771 1746
1746 1771
1746 1744
1744 1746
1744 1745
1745 1744
1742 1739
1739 1742
1739 1741
1741 1739
1741 1740
1740 1741
4582 1748
1748 4582
1748 1747
1747 1748
1752 1749
1749 1752
1749 1751
1751 1749
1751 1750
1750 1751
1755 1754
1754 1755
1754 1753
1753 1754
1759 1757
1757 1759
1757 1758
1758 1757
1767 1766
1766 1767
1766 1765
1765 1766
1765 1764
1764 1765
1764 1763
1763 1764
1763 1762
1762 1763
1762 1761
1761 1762
1761 1760
1760 1761
1797 1799
1799 1797
1799 1800
1800 1799
1800 1802
1802 1800
1802 5776
5776 1802
